         0          1   0.295659   0.456384
      0.01   0.995894   0.357272   0.525885
      0.02   0.995894   0.357272   0.525885
      0.03   0.995894   0.357272   0.525885
      0.04   0.995894   0.357272   0.525885
      0.05   0.995894   0.357272   0.525885
      0.06   0.995894   0.357272   0.525885
      0.07   0.995894   0.357272   0.525885
      0.08   0.995894   0.357272   0.525885
      0.09   0.995894   0.357272   0.525885
       0.1   0.995894   0.357272   0.525885
      0.11   0.995894   0.357272   0.525885
      0.12   0.995894   0.357272   0.525885
      0.13   0.995894   0.357272   0.525885
      0.14   0.995894   0.357272   0.525885
      0.15   0.995894   0.357272   0.525885
      0.16   0.995894   0.357272   0.525885
      0.17   0.995894   0.357272   0.525885
      0.18   0.995894   0.357272   0.525885
      0.19   0.995894   0.357272   0.525885
       0.2   0.995894   0.357272   0.525885
      0.21   0.995894   0.357272   0.525885
      0.22   0.995894   0.357272   0.525885
      0.23   0.995894   0.357272   0.525885
      0.24   0.995894   0.357272   0.525885
      0.25   0.995894   0.357272   0.525885
      0.26   0.995894   0.357272   0.525885
      0.27   0.995894   0.357272   0.525885
      0.28   0.995894   0.357272   0.525885
      0.29   0.995894   0.357272   0.525885
       0.3   0.995894   0.357272   0.525885
      0.31   0.995894   0.357272   0.525885
      0.32   0.995894   0.357272   0.525885
      0.33   0.995894   0.357272   0.525885
      0.34   0.995894   0.357272   0.525885
      0.35   0.995894   0.357272   0.525885
      0.36   0.995894   0.357272   0.525885
      0.37   0.995894   0.357272   0.525885
      0.38   0.995894   0.357272   0.525885
      0.39   0.995894   0.357272   0.525885
       0.4   0.995894   0.357272   0.525885
      0.41   0.995894   0.357272   0.525885
      0.42   0.995894   0.357272   0.525885
      0.43   0.995894   0.357272   0.525885
      0.44   0.995894   0.357272   0.525885
      0.45   0.995894   0.357272   0.525885
      0.46   0.995894   0.357272   0.525885
      0.47   0.995894   0.357272   0.525885
      0.48   0.995894   0.357272   0.525885
      0.49   0.995894   0.357272   0.525885
       0.5   0.995894   0.357272   0.525885
      0.51   0.995894   0.357272   0.525885
      0.52   0.995894   0.357272   0.525885
      0.53   0.995894   0.357272   0.525885
      0.54   0.995894   0.357272   0.525885
      0.55   0.995894   0.357272   0.525885
      0.56   0.995894   0.357272   0.525885
      0.57   0.995894   0.357272   0.525885
      0.58   0.995894   0.357272   0.525885
      0.59   0.995894   0.357272   0.525885
       0.6   0.995894   0.357272   0.525885
      0.61   0.995894   0.357272   0.525885
      0.62   0.995894   0.357272   0.525885
      0.63   0.995894   0.357272   0.525885
      0.64   0.995894   0.357272   0.525885
      0.65   0.995894   0.357272   0.525885
      0.66   0.995894   0.357272   0.525885
      0.67   0.995894   0.357272   0.525885
      0.68   0.995894   0.357272   0.525885
      0.69   0.995894   0.357272   0.525885
       0.7   0.995894   0.357272   0.525885
      0.71   0.995894   0.357272   0.525885
      0.72   0.995894   0.357272   0.525885
      0.73   0.995894   0.357272   0.525885
      0.74   0.995894   0.357272   0.525885
      0.75   0.995894   0.357272   0.525885
      0.76   0.995894   0.357272   0.525885
      0.77   0.995894   0.357272   0.525885
      0.78   0.995894   0.357272   0.525885
      0.79   0.995894   0.357272   0.525885
       0.8   0.995894   0.357272   0.525885
      0.81   0.995894   0.357272   0.525885
      0.82   0.995894   0.357272   0.525885
      0.83   0.995894   0.357272   0.525885
      0.84   0.995894   0.357272   0.525885
      0.85   0.995894   0.357272   0.525885
      0.86   0.995894   0.357272   0.525885
      0.87   0.995894   0.357272   0.525885
      0.88   0.995894   0.357272   0.525885
      0.89   0.995894   0.357272   0.525885
       0.9   0.995894   0.357272   0.525885
      0.91   0.995894   0.357272   0.525885
      0.92   0.995894   0.357272   0.525885
      0.93   0.995894   0.357272   0.525885
      0.94   0.995894   0.357272   0.525885
      0.95   0.995894   0.357272   0.525885
      0.96   0.995894   0.357272   0.525885
      0.97   0.995894   0.357272   0.525885
      0.98   0.995894   0.357272   0.525885
      0.99   0.995894   0.357272   0.525885
