         0          1   0.168956   0.289072
      0.01   0.964966    0.28328   0.437984
      0.02   0.964966    0.28328   0.437984
      0.03   0.964966    0.28328   0.437984
      0.04   0.964966    0.28328   0.437984
      0.05   0.964966    0.28328   0.437984
      0.06   0.964966    0.28328   0.437984
      0.07   0.964966    0.28328   0.437984
      0.08   0.964966    0.28328   0.437984
      0.09   0.964966    0.28328   0.437984
       0.1   0.964966    0.28328   0.437984
      0.11   0.964966    0.28328   0.437984
      0.12   0.964966    0.28328   0.437984
      0.13   0.964966    0.28328   0.437984
      0.14   0.964966    0.28328   0.437984
      0.15   0.964966    0.28328   0.437984
      0.16   0.964966    0.28328   0.437984
      0.17   0.964966    0.28328   0.437984
      0.18   0.964966    0.28328   0.437984
      0.19   0.964966    0.28328   0.437984
       0.2   0.964966    0.28328   0.437984
      0.21   0.964966    0.28328   0.437984
      0.22   0.964966    0.28328   0.437984
      0.23   0.964966    0.28328   0.437984
      0.24   0.964966    0.28328   0.437984
      0.25   0.964966    0.28328   0.437984
      0.26   0.964966    0.28328   0.437984
      0.27   0.964966    0.28328   0.437984
      0.28   0.964966    0.28328   0.437984
      0.29   0.964966    0.28328   0.437984
       0.3   0.964966    0.28328   0.437984
      0.31   0.964966    0.28328   0.437984
      0.32   0.964966    0.28328   0.437984
      0.33   0.964966    0.28328   0.437984
      0.34   0.964966    0.28328   0.437984
      0.35   0.964966    0.28328   0.437984
      0.36   0.964966    0.28328   0.437984
      0.37   0.964966    0.28328   0.437984
      0.38   0.964966    0.28328   0.437984
      0.39   0.964966    0.28328   0.437984
       0.4   0.964966    0.28328   0.437984
      0.41   0.964966    0.28328   0.437984
      0.42   0.964966    0.28328   0.437984
      0.43   0.964966    0.28328   0.437984
      0.44   0.964966    0.28328   0.437984
      0.45   0.964966    0.28328   0.437984
      0.46   0.964966    0.28328   0.437984
      0.47   0.964966    0.28328   0.437984
      0.48   0.964966    0.28328   0.437984
      0.49   0.964966    0.28328   0.437984
       0.5   0.964966    0.28328   0.437984
      0.51   0.964966    0.28328   0.437984
      0.52   0.964966    0.28328   0.437984
      0.53   0.964966    0.28328   0.437984
      0.54   0.964966    0.28328   0.437984
      0.55   0.964966    0.28328   0.437984
      0.56   0.964966    0.28328   0.437984
      0.57   0.964966    0.28328   0.437984
      0.58   0.964966    0.28328   0.437984
      0.59   0.964966    0.28328   0.437984
       0.6   0.964966    0.28328   0.437984
      0.61   0.964966    0.28328   0.437984
      0.62   0.964966    0.28328   0.437984
      0.63   0.964966    0.28328   0.437984
      0.64   0.964966    0.28328   0.437984
      0.65   0.964966    0.28328   0.437984
      0.66   0.964966    0.28328   0.437984
      0.67   0.964966    0.28328   0.437984
      0.68   0.964966    0.28328   0.437984
      0.69   0.964966    0.28328   0.437984
       0.7   0.964966    0.28328   0.437984
      0.71   0.964966    0.28328   0.437984
      0.72   0.964966    0.28328   0.437984
      0.73   0.964966    0.28328   0.437984
      0.74   0.964966    0.28328   0.437984
      0.75   0.964966    0.28328   0.437984
      0.76   0.964966    0.28328   0.437984
      0.77   0.964966    0.28328   0.437984
      0.78   0.964966    0.28328   0.437984
      0.79   0.964966    0.28328   0.437984
       0.8   0.964966    0.28328   0.437984
      0.81   0.964966    0.28328   0.437984
      0.82   0.964966    0.28328   0.437984
      0.83   0.964966    0.28328   0.437984
      0.84   0.964966    0.28328   0.437984
      0.85   0.964966    0.28328   0.437984
      0.86   0.964966    0.28328   0.437984
      0.87   0.964966    0.28328   0.437984
      0.88   0.964966    0.28328   0.437984
      0.89   0.964966    0.28328   0.437984
       0.9   0.964966    0.28328   0.437984
      0.91   0.964966    0.28328   0.437984
      0.92   0.964966    0.28328   0.437984
      0.93   0.964966    0.28328   0.437984
      0.94   0.964966    0.28328   0.437984
      0.95   0.964966    0.28328   0.437984
      0.96   0.964966    0.28328   0.437984
      0.97   0.964966    0.28328   0.437984
      0.98   0.964966    0.28328   0.437984
      0.99   0.964966    0.28328   0.437984
