         0          1   0.223412   0.365227
      0.01   0.988883   0.282602   0.439581
      0.02   0.988883   0.282602   0.439581
      0.03   0.988883   0.282602   0.439581
      0.04   0.988883   0.282602   0.439581
      0.05   0.988883   0.282602   0.439581
      0.06   0.988883   0.282602   0.439581
      0.07   0.988883   0.282602   0.439581
      0.08   0.988883   0.282602   0.439581
      0.09   0.988883   0.282602   0.439581
       0.1   0.988883   0.282602   0.439581
      0.11   0.988883   0.282602   0.439581
      0.12   0.988883   0.282602   0.439581
      0.13   0.988883   0.282602   0.439581
      0.14   0.988883   0.282602   0.439581
      0.15   0.988883   0.282602   0.439581
      0.16   0.988883   0.282602   0.439581
      0.17   0.988883   0.282602   0.439581
      0.18   0.988883   0.282602   0.439581
      0.19   0.988883   0.282602   0.439581
       0.2   0.988883   0.282602   0.439581
      0.21   0.988883   0.282602   0.439581
      0.22   0.988883   0.282602   0.439581
      0.23   0.988883   0.282602   0.439581
      0.24   0.988883   0.282602   0.439581
      0.25   0.988883   0.282602   0.439581
      0.26   0.988883   0.282602   0.439581
      0.27   0.988883   0.282602   0.439581
      0.28   0.988883   0.282602   0.439581
      0.29   0.988883   0.282602   0.439581
       0.3   0.988883   0.282602   0.439581
      0.31   0.988883   0.282602   0.439581
      0.32   0.988883   0.282602   0.439581
      0.33   0.988883   0.282602   0.439581
      0.34   0.988883   0.282602   0.439581
      0.35   0.988883   0.282602   0.439581
      0.36   0.988883   0.282602   0.439581
      0.37   0.988883   0.282602   0.439581
      0.38   0.988883   0.282602   0.439581
      0.39   0.988883   0.282602   0.439581
       0.4   0.988883   0.282602   0.439581
      0.41   0.988883   0.282602   0.439581
      0.42   0.988883   0.282602   0.439581
      0.43   0.988883   0.282602   0.439581
      0.44   0.988883   0.282602   0.439581
      0.45   0.988883   0.282602   0.439581
      0.46   0.988883   0.282602   0.439581
      0.47   0.988883   0.282602   0.439581
      0.48   0.988883   0.282602   0.439581
      0.49   0.988883   0.282602   0.439581
       0.5   0.988883   0.282602   0.439581
      0.51   0.988883   0.282602   0.439581
      0.52   0.988883   0.282602   0.439581
      0.53   0.988883   0.282602   0.439581
      0.54   0.988883   0.282602   0.439581
      0.55   0.988883   0.282602   0.439581
      0.56   0.988883   0.282602   0.439581
      0.57   0.988883   0.282602   0.439581
      0.58   0.988883   0.282602   0.439581
      0.59   0.988883   0.282602   0.439581
       0.6   0.988883   0.282602   0.439581
      0.61   0.988883   0.282602   0.439581
      0.62   0.988883   0.282602   0.439581
      0.63   0.988883   0.282602   0.439581
      0.64   0.988883   0.282602   0.439581
      0.65   0.988883   0.282602   0.439581
      0.66   0.988883   0.282602   0.439581
      0.67   0.988883   0.282602   0.439581
      0.68   0.988883   0.282602   0.439581
      0.69   0.988883   0.282602   0.439581
       0.7   0.988883   0.282602   0.439581
      0.71   0.988883   0.282602   0.439581
      0.72   0.988883   0.282602   0.439581
      0.73   0.988883   0.282602   0.439581
      0.74   0.988883   0.282602   0.439581
      0.75   0.988883   0.282602   0.439581
      0.76   0.988883   0.282602   0.439581
      0.77   0.988883   0.282602   0.439581
      0.78   0.988883   0.282602   0.439581
      0.79   0.988883   0.282602   0.439581
       0.8   0.988883   0.282602   0.439581
      0.81   0.988883   0.282602   0.439581
      0.82   0.988883   0.282602   0.439581
      0.83   0.988883   0.282602   0.439581
      0.84   0.988883   0.282602   0.439581
      0.85   0.988883   0.282602   0.439581
      0.86   0.988883   0.282602   0.439581
      0.87   0.988883   0.282602   0.439581
      0.88   0.988883   0.282602   0.439581
      0.89   0.988883   0.282602   0.439581
       0.9   0.988883   0.282602   0.439581
      0.91   0.988883   0.282602   0.439581
      0.92   0.988883   0.282602   0.439581
      0.93   0.988883   0.282602   0.439581
      0.94   0.988883   0.282602   0.439581
      0.95   0.988883   0.282602   0.439581
      0.96   0.988883   0.282602   0.439581
      0.97   0.988883   0.282602   0.439581
      0.98   0.988883   0.282602   0.439581
      0.99   0.988883   0.282602   0.439581
