         0          1   0.176689   0.300316
      0.01   0.931947   0.172276   0.290797
      0.02   0.931947   0.172276   0.290797
      0.03   0.931947   0.172276   0.290797
      0.04   0.931947   0.172276   0.290797
      0.05   0.931947   0.172276   0.290797
      0.06   0.931947   0.172276   0.290797
      0.07   0.931947   0.172276   0.290797
      0.08   0.931947   0.172276   0.290797
      0.09   0.931947   0.172276   0.290797
       0.1   0.931947   0.172276   0.290797
      0.11   0.931947   0.172276   0.290797
      0.12   0.931947   0.172276   0.290797
      0.13   0.931947   0.172276   0.290797
      0.14   0.931947   0.172276   0.290797
      0.15   0.931947   0.172276   0.290797
      0.16   0.931947   0.172276   0.290797
      0.17   0.931947   0.172276   0.290797
      0.18   0.931947   0.172276   0.290797
      0.19   0.931947   0.172276   0.290797
       0.2   0.931947   0.172276   0.290797
      0.21   0.931947   0.172276   0.290797
      0.22   0.931947   0.172276   0.290797
      0.23   0.931947   0.172276   0.290797
      0.24   0.931947   0.172276   0.290797
      0.25   0.931947   0.172276   0.290797
      0.26   0.931947   0.172276   0.290797
      0.27   0.931947   0.172276   0.290797
      0.28   0.931947   0.172276   0.290797
      0.29   0.931947   0.172276   0.290797
       0.3   0.931947   0.172276   0.290797
      0.31   0.931947   0.172276   0.290797
      0.32   0.931947   0.172276   0.290797
      0.33   0.931947   0.172276   0.290797
      0.34   0.931947   0.172276   0.290797
      0.35   0.931947   0.172276   0.290797
      0.36   0.931947   0.172276   0.290797
      0.37   0.931947   0.172276   0.290797
      0.38   0.931947   0.172276   0.290797
      0.39   0.931947   0.172276   0.290797
       0.4   0.931947   0.172276   0.290797
      0.41   0.931947   0.172276   0.290797
      0.42   0.931947   0.172276   0.290797
      0.43   0.931947   0.172276   0.290797
      0.44   0.931947   0.172276   0.290797
      0.45   0.931947   0.172276   0.290797
      0.46   0.931947   0.172276   0.290797
      0.47   0.931947   0.172276   0.290797
      0.48   0.931947   0.172276   0.290797
      0.49   0.931947   0.172276   0.290797
       0.5   0.931947   0.172276   0.290797
      0.51   0.931947   0.172276   0.290797
      0.52   0.931947   0.172276   0.290797
      0.53   0.931947   0.172276   0.290797
      0.54   0.931947   0.172276   0.290797
      0.55   0.931947   0.172276   0.290797
      0.56   0.931947   0.172276   0.290797
      0.57   0.931947   0.172276   0.290797
      0.58   0.931947   0.172276   0.290797
      0.59   0.931947   0.172276   0.290797
       0.6   0.931947   0.172276   0.290797
      0.61   0.931947   0.172276   0.290797
      0.62   0.931947   0.172276   0.290797
      0.63   0.931947   0.172276   0.290797
      0.64   0.931947   0.172276   0.290797
      0.65   0.931947   0.172276   0.290797
      0.66   0.931947   0.172276   0.290797
      0.67   0.931947   0.172276   0.290797
      0.68   0.931947   0.172276   0.290797
      0.69   0.931947   0.172276   0.290797
       0.7   0.931947   0.172276   0.290797
      0.71   0.931947   0.172276   0.290797
      0.72   0.931947   0.172276   0.290797
      0.73   0.931947   0.172276   0.290797
      0.74   0.931947   0.172276   0.290797
      0.75   0.931947   0.172276   0.290797
      0.76   0.931947   0.172276   0.290797
      0.77   0.931947   0.172276   0.290797
      0.78   0.931947   0.172276   0.290797
      0.79   0.931947   0.172276   0.290797
       0.8   0.931947   0.172276   0.290797
      0.81   0.931947   0.172276   0.290797
      0.82   0.931947   0.172276   0.290797
      0.83   0.931947   0.172276   0.290797
      0.84   0.931947   0.172276   0.290797
      0.85   0.931947   0.172276   0.290797
      0.86   0.931947   0.172276   0.290797
      0.87   0.931947   0.172276   0.290797
      0.88   0.931947   0.172276   0.290797
      0.89   0.931947   0.172276   0.290797
       0.9   0.931947   0.172276   0.290797
      0.91   0.931947   0.172276   0.290797
      0.92   0.931947   0.172276   0.290797
      0.93   0.931947   0.172276   0.290797
      0.94   0.931947   0.172276   0.290797
      0.95   0.931947   0.172276   0.290797
      0.96   0.931947   0.172276   0.290797
      0.97   0.931947   0.172276   0.290797
      0.98   0.931947   0.172276   0.290797
      0.99   0.931947   0.172276   0.290797
