         0          1    0.32957   0.495755
      0.01   0.984895   0.408214   0.577195
      0.02   0.984895   0.408214   0.577195
      0.03   0.984895   0.408214   0.577195
      0.04   0.984895   0.408214   0.577195
      0.05   0.984895   0.408214   0.577195
      0.06   0.984895   0.408214   0.577195
      0.07   0.984895   0.408214   0.577195
      0.08   0.984895   0.408214   0.577195
      0.09   0.984895   0.408214   0.577195
       0.1   0.984895   0.408214   0.577195
      0.11   0.984895   0.408214   0.577195
      0.12   0.984895   0.408214   0.577195
      0.13   0.984895   0.408214   0.577195
      0.14   0.984895   0.408214   0.577195
      0.15   0.984895   0.408214   0.577195
      0.16   0.984895   0.408214   0.577195
      0.17   0.984895   0.408214   0.577195
      0.18   0.984895   0.408214   0.577195
      0.19   0.984895   0.408214   0.577195
       0.2   0.984895   0.408214   0.577195
      0.21   0.984895   0.408214   0.577195
      0.22   0.984895   0.408214   0.577195
      0.23   0.984895   0.408214   0.577195
      0.24   0.984895   0.408214   0.577195
      0.25   0.984895   0.408214   0.577195
      0.26   0.984895   0.408214   0.577195
      0.27   0.984895   0.408214   0.577195
      0.28   0.984895   0.408214   0.577195
      0.29   0.984895   0.408214   0.577195
       0.3   0.984895   0.408214   0.577195
      0.31   0.984895   0.408214   0.577195
      0.32   0.984895   0.408214   0.577195
      0.33   0.984895   0.408214   0.577195
      0.34   0.984895   0.408214   0.577195
      0.35   0.984895   0.408214   0.577195
      0.36   0.984895   0.408214   0.577195
      0.37   0.984895   0.408214   0.577195
      0.38   0.984895   0.408214   0.577195
      0.39   0.984895   0.408214   0.577195
       0.4   0.984895   0.408214   0.577195
      0.41   0.984895   0.408214   0.577195
      0.42   0.984895   0.408214   0.577195
      0.43   0.984895   0.408214   0.577195
      0.44   0.984895   0.408214   0.577195
      0.45   0.984895   0.408214   0.577195
      0.46   0.984895   0.408214   0.577195
      0.47   0.984895   0.408214   0.577195
      0.48   0.984895   0.408214   0.577195
      0.49   0.984895   0.408214   0.577195
       0.5   0.984895   0.408214   0.577195
      0.51   0.984895   0.408214   0.577195
      0.52   0.984895   0.408214   0.577195
      0.53   0.984895   0.408214   0.577195
      0.54   0.984895   0.408214   0.577195
      0.55   0.984895   0.408214   0.577195
      0.56   0.984895   0.408214   0.577195
      0.57   0.984895   0.408214   0.577195
      0.58   0.984895   0.408214   0.577195
      0.59   0.984895   0.408214   0.577195
       0.6   0.984895   0.408214   0.577195
      0.61   0.984895   0.408214   0.577195
      0.62   0.984895   0.408214   0.577195
      0.63   0.984895   0.408214   0.577195
      0.64   0.984895   0.408214   0.577195
      0.65   0.984895   0.408214   0.577195
      0.66   0.984895   0.408214   0.577195
      0.67   0.984895   0.408214   0.577195
      0.68   0.984895   0.408214   0.577195
      0.69   0.984895   0.408214   0.577195
       0.7   0.984895   0.408214   0.577195
      0.71   0.984895   0.408214   0.577195
      0.72   0.984895   0.408214   0.577195
      0.73   0.984895   0.408214   0.577195
      0.74   0.984895   0.408214   0.577195
      0.75   0.984895   0.408214   0.577195
      0.76   0.984895   0.408214   0.577195
      0.77   0.984895   0.408214   0.577195
      0.78   0.984895   0.408214   0.577195
      0.79   0.984895   0.408214   0.577195
       0.8   0.984895   0.408214   0.577195
      0.81   0.984895   0.408214   0.577195
      0.82   0.984895   0.408214   0.577195
      0.83   0.984895   0.408214   0.577195
      0.84   0.984895   0.408214   0.577195
      0.85   0.984895   0.408214   0.577195
      0.86   0.984895   0.408214   0.577195
      0.87   0.984895   0.408214   0.577195
      0.88   0.984895   0.408214   0.577195
      0.89   0.984895   0.408214   0.577195
       0.9   0.984895   0.408214   0.577195
      0.91   0.984895   0.408214   0.577195
      0.92   0.984895   0.408214   0.577195
      0.93   0.984895   0.408214   0.577195
      0.94   0.984895   0.408214   0.577195
      0.95   0.984895   0.408214   0.577195
      0.96   0.984895   0.408214   0.577195
      0.97   0.984895   0.408214   0.577195
      0.98   0.984895   0.408214   0.577195
      0.99   0.984895   0.408214   0.577195
