         0          1   0.173626   0.295879
      0.01   0.981956   0.304696    0.46508
      0.02   0.981956   0.304696    0.46508
      0.03   0.981956   0.304696    0.46508
      0.04   0.981956   0.304696    0.46508
      0.05   0.981956   0.304696    0.46508
      0.06   0.981956   0.304696    0.46508
      0.07   0.981956   0.304696    0.46508
      0.08   0.981956   0.304696    0.46508
      0.09   0.981956   0.304696    0.46508
       0.1   0.981956   0.304696    0.46508
      0.11   0.981956   0.304696    0.46508
      0.12   0.981956   0.304696    0.46508
      0.13   0.981956   0.304696    0.46508
      0.14   0.981956   0.304696    0.46508
      0.15   0.981956   0.304696    0.46508
      0.16   0.981956   0.304696    0.46508
      0.17   0.981956   0.304696    0.46508
      0.18   0.981956   0.304696    0.46508
      0.19   0.981956   0.304696    0.46508
       0.2   0.981956   0.304696    0.46508
      0.21   0.981956   0.304696    0.46508
      0.22   0.981956   0.304696    0.46508
      0.23   0.981956   0.304696    0.46508
      0.24   0.981956   0.304696    0.46508
      0.25   0.981956   0.304696    0.46508
      0.26   0.981956   0.304696    0.46508
      0.27   0.981956   0.304696    0.46508
      0.28   0.981956   0.304696    0.46508
      0.29   0.981956   0.304696    0.46508
       0.3   0.981956   0.304696    0.46508
      0.31   0.981956   0.304696    0.46508
      0.32   0.981956   0.304696    0.46508
      0.33   0.981956   0.304696    0.46508
      0.34   0.981956   0.304696    0.46508
      0.35   0.981956   0.304696    0.46508
      0.36   0.981956   0.304696    0.46508
      0.37   0.981956   0.304696    0.46508
      0.38   0.981956   0.304696    0.46508
      0.39   0.981956   0.304696    0.46508
       0.4   0.981956   0.304696    0.46508
      0.41   0.981956   0.304696    0.46508
      0.42   0.981956   0.304696    0.46508
      0.43   0.981956   0.304696    0.46508
      0.44   0.981956   0.304696    0.46508
      0.45   0.981956   0.304696    0.46508
      0.46   0.981956   0.304696    0.46508
      0.47   0.981956   0.304696    0.46508
      0.48   0.981956   0.304696    0.46508
      0.49   0.981956   0.304696    0.46508
       0.5   0.981956   0.304696    0.46508
      0.51   0.981956   0.304696    0.46508
      0.52   0.981956   0.304696    0.46508
      0.53   0.981956   0.304696    0.46508
      0.54   0.981956   0.304696    0.46508
      0.55   0.981956   0.304696    0.46508
      0.56   0.981956   0.304696    0.46508
      0.57   0.981956   0.304696    0.46508
      0.58   0.981956   0.304696    0.46508
      0.59   0.981956   0.304696    0.46508
       0.6   0.981956   0.304696    0.46508
      0.61   0.981956   0.304696    0.46508
      0.62   0.981956   0.304696    0.46508
      0.63   0.981956   0.304696    0.46508
      0.64   0.981956   0.304696    0.46508
      0.65   0.981956   0.304696    0.46508
      0.66   0.981956   0.304696    0.46508
      0.67   0.981956   0.304696    0.46508
      0.68   0.981956   0.304696    0.46508
      0.69   0.981956   0.304696    0.46508
       0.7   0.981956   0.304696    0.46508
      0.71   0.981956   0.304696    0.46508
      0.72   0.981956   0.304696    0.46508
      0.73   0.981956   0.304696    0.46508
      0.74   0.981956   0.304696    0.46508
      0.75   0.981956   0.304696    0.46508
      0.76   0.981956   0.304696    0.46508
      0.77   0.981956   0.304696    0.46508
      0.78   0.981956   0.304696    0.46508
      0.79   0.981956   0.304696    0.46508
       0.8   0.981956   0.304696    0.46508
      0.81   0.981956   0.304696    0.46508
      0.82   0.981956   0.304696    0.46508
      0.83   0.981956   0.304696    0.46508
      0.84   0.981956   0.304696    0.46508
      0.85   0.981956   0.304696    0.46508
      0.86   0.981956   0.304696    0.46508
      0.87   0.981956   0.304696    0.46508
      0.88   0.981956   0.304696    0.46508
      0.89   0.981956   0.304696    0.46508
       0.9   0.981956   0.304696    0.46508
      0.91   0.981956   0.304696    0.46508
      0.92   0.981956   0.304696    0.46508
      0.93   0.981956   0.304696    0.46508
      0.94   0.981956   0.304696    0.46508
      0.95   0.981956   0.304696    0.46508
      0.96   0.981956   0.304696    0.46508
      0.97   0.981956   0.304696    0.46508
      0.98   0.981956   0.304696    0.46508
      0.99   0.981956   0.304696    0.46508
