         0          1   0.310743   0.474148
      0.01   0.966711   0.336604    0.49934
      0.02   0.966711   0.336604    0.49934
      0.03   0.966711   0.336604    0.49934
      0.04   0.966711   0.336604    0.49934
      0.05   0.966711   0.336604    0.49934
      0.06   0.966711   0.336604    0.49934
      0.07   0.966711   0.336604    0.49934
      0.08   0.966711   0.336604    0.49934
      0.09   0.966711   0.336604    0.49934
       0.1   0.966711   0.336604    0.49934
      0.11   0.966711   0.336604    0.49934
      0.12   0.966711   0.336604    0.49934
      0.13   0.966711   0.336604    0.49934
      0.14   0.966711   0.336604    0.49934
      0.15   0.966711   0.336604    0.49934
      0.16   0.966711   0.336604    0.49934
      0.17   0.966711   0.336604    0.49934
      0.18   0.966711   0.336604    0.49934
      0.19   0.966711   0.336604    0.49934
       0.2   0.966711   0.336604    0.49934
      0.21   0.966711   0.336604    0.49934
      0.22   0.966711   0.336604    0.49934
      0.23   0.966711   0.336604    0.49934
      0.24   0.966711   0.336604    0.49934
      0.25   0.966711   0.336604    0.49934
      0.26   0.966711   0.336604    0.49934
      0.27   0.966711   0.336604    0.49934
      0.28   0.966711   0.336604    0.49934
      0.29   0.966711   0.336604    0.49934
       0.3   0.966711   0.336604    0.49934
      0.31   0.966711   0.336604    0.49934
      0.32   0.966711   0.336604    0.49934
      0.33   0.966711   0.336604    0.49934
      0.34   0.966711   0.336604    0.49934
      0.35   0.966711   0.336604    0.49934
      0.36   0.966711   0.336604    0.49934
      0.37   0.966711   0.336604    0.49934
      0.38   0.966711   0.336604    0.49934
      0.39   0.966711   0.336604    0.49934
       0.4   0.966711   0.336604    0.49934
      0.41   0.966711   0.336604    0.49934
      0.42   0.966711   0.336604    0.49934
      0.43   0.966711   0.336604    0.49934
      0.44   0.966711   0.336604    0.49934
      0.45   0.966711   0.336604    0.49934
      0.46   0.966711   0.336604    0.49934
      0.47   0.966711   0.336604    0.49934
      0.48   0.966711   0.336604    0.49934
      0.49   0.966711   0.336604    0.49934
       0.5   0.966711   0.336604    0.49934
      0.51   0.966711   0.336604    0.49934
      0.52   0.966711   0.336604    0.49934
      0.53   0.966711   0.336604    0.49934
      0.54   0.966711   0.336604    0.49934
      0.55   0.966711   0.336604    0.49934
      0.56   0.966711   0.336604    0.49934
      0.57   0.966711   0.336604    0.49934
      0.58   0.966711   0.336604    0.49934
      0.59   0.966711   0.336604    0.49934
       0.6   0.966711   0.336604    0.49934
      0.61   0.966711   0.336604    0.49934
      0.62   0.966711   0.336604    0.49934
      0.63   0.966711   0.336604    0.49934
      0.64   0.966711   0.336604    0.49934
      0.65   0.966711   0.336604    0.49934
      0.66   0.966711   0.336604    0.49934
      0.67   0.966711   0.336604    0.49934
      0.68   0.966711   0.336604    0.49934
      0.69   0.966711   0.336604    0.49934
       0.7   0.966711   0.336604    0.49934
      0.71   0.966711   0.336604    0.49934
      0.72   0.966711   0.336604    0.49934
      0.73   0.966711   0.336604    0.49934
      0.74   0.966711   0.336604    0.49934
      0.75   0.966711   0.336604    0.49934
      0.76   0.966711   0.336604    0.49934
      0.77   0.966711   0.336604    0.49934
      0.78   0.966711   0.336604    0.49934
      0.79   0.966711   0.336604    0.49934
       0.8   0.966711   0.336604    0.49934
      0.81   0.966711   0.336604    0.49934
      0.82   0.966711   0.336604    0.49934
      0.83   0.966711   0.336604    0.49934
      0.84   0.966711   0.336604    0.49934
      0.85   0.966711   0.336604    0.49934
      0.86   0.966711   0.336604    0.49934
      0.87   0.966711   0.336604    0.49934
      0.88   0.966711   0.336604    0.49934
      0.89   0.966711   0.336604    0.49934
       0.9   0.966711   0.336604    0.49934
      0.91   0.966711   0.336604    0.49934
      0.92   0.966711   0.336604    0.49934
      0.93   0.966711   0.336604    0.49934
      0.94   0.966711   0.336604    0.49934
      0.95   0.966711   0.336604    0.49934
      0.96   0.966711   0.336604    0.49934
      0.97   0.966711   0.336604    0.49934
      0.98   0.966711   0.336604    0.49934
      0.99   0.966711   0.336604    0.49934
