         0          1   0.214804   0.353644
      0.01   0.987982   0.429241   0.598469
      0.02   0.987982   0.429241   0.598469
      0.03   0.987982   0.429241   0.598469
      0.04   0.987982   0.429241   0.598469
      0.05   0.987982   0.429241   0.598469
      0.06   0.987982   0.429241   0.598469
      0.07   0.987982   0.429241   0.598469
      0.08   0.987982   0.429241   0.598469
      0.09   0.987982   0.429241   0.598469
       0.1   0.987982   0.429241   0.598469
      0.11   0.987982   0.429241   0.598469
      0.12   0.987982   0.429241   0.598469
      0.13   0.987982   0.429241   0.598469
      0.14   0.987982   0.429241   0.598469
      0.15   0.987982   0.429241   0.598469
      0.16   0.987982   0.429241   0.598469
      0.17   0.987982   0.429241   0.598469
      0.18   0.987982   0.429241   0.598469
      0.19   0.987982   0.429241   0.598469
       0.2   0.987982   0.429241   0.598469
      0.21   0.987982   0.429241   0.598469
      0.22   0.987982   0.429241   0.598469
      0.23   0.987982   0.429241   0.598469
      0.24   0.987982   0.429241   0.598469
      0.25   0.987982   0.429241   0.598469
      0.26   0.987982   0.429241   0.598469
      0.27   0.987982   0.429241   0.598469
      0.28   0.987982   0.429241   0.598469
      0.29   0.987982   0.429241   0.598469
       0.3   0.987982   0.429241   0.598469
      0.31   0.987982   0.429241   0.598469
      0.32   0.987982   0.429241   0.598469
      0.33   0.987982   0.429241   0.598469
      0.34   0.987982   0.429241   0.598469
      0.35   0.987982   0.429241   0.598469
      0.36   0.987982   0.429241   0.598469
      0.37   0.987982   0.429241   0.598469
      0.38   0.987982   0.429241   0.598469
      0.39   0.987982   0.429241   0.598469
       0.4   0.987982   0.429241   0.598469
      0.41   0.987982   0.429241   0.598469
      0.42   0.987982   0.429241   0.598469
      0.43   0.987982   0.429241   0.598469
      0.44   0.987982   0.429241   0.598469
      0.45   0.987982   0.429241   0.598469
      0.46   0.987982   0.429241   0.598469
      0.47   0.987982   0.429241   0.598469
      0.48   0.987982   0.429241   0.598469
      0.49   0.987982   0.429241   0.598469
       0.5   0.987982   0.429241   0.598469
      0.51   0.987982   0.429241   0.598469
      0.52   0.987982   0.429241   0.598469
      0.53   0.987982   0.429241   0.598469
      0.54   0.987982   0.429241   0.598469
      0.55   0.987982   0.429241   0.598469
      0.56   0.987982   0.429241   0.598469
      0.57   0.987982   0.429241   0.598469
      0.58   0.987982   0.429241   0.598469
      0.59   0.987982   0.429241   0.598469
       0.6   0.987982   0.429241   0.598469
      0.61   0.987982   0.429241   0.598469
      0.62   0.987982   0.429241   0.598469
      0.63   0.987982   0.429241   0.598469
      0.64   0.987982   0.429241   0.598469
      0.65   0.987982   0.429241   0.598469
      0.66   0.987982   0.429241   0.598469
      0.67   0.987982   0.429241   0.598469
      0.68   0.987982   0.429241   0.598469
      0.69   0.987982   0.429241   0.598469
       0.7   0.987982   0.429241   0.598469
      0.71   0.987982   0.429241   0.598469
      0.72   0.987982   0.429241   0.598469
      0.73   0.987982   0.429241   0.598469
      0.74   0.987982   0.429241   0.598469
      0.75   0.987982   0.429241   0.598469
      0.76   0.987982   0.429241   0.598469
      0.77   0.987982   0.429241   0.598469
      0.78   0.987982   0.429241   0.598469
      0.79   0.987982   0.429241   0.598469
       0.8   0.987982   0.429241   0.598469
      0.81   0.987982   0.429241   0.598469
      0.82   0.987982   0.429241   0.598469
      0.83   0.987982   0.429241   0.598469
      0.84   0.987982   0.429241   0.598469
      0.85   0.987982   0.429241   0.598469
      0.86   0.987982   0.429241   0.598469
      0.87   0.987982   0.429241   0.598469
      0.88   0.987982   0.429241   0.598469
      0.89   0.987982   0.429241   0.598469
       0.9   0.987982   0.429241   0.598469
      0.91   0.987982   0.429241   0.598469
      0.92   0.987982   0.429241   0.598469
      0.93   0.987982   0.429241   0.598469
      0.94   0.987982   0.429241   0.598469
      0.95   0.987982   0.429241   0.598469
      0.96   0.987982   0.429241   0.598469
      0.97   0.987982   0.429241   0.598469
      0.98   0.987982   0.429241   0.598469
      0.99   0.987982   0.429241   0.598469
