         0          1   0.298178   0.459379
      0.01   0.962397   0.288256   0.443635
      0.02   0.962397   0.288256   0.443635
      0.03   0.962397   0.288256   0.443635
      0.04   0.962397   0.288256   0.443635
      0.05   0.962397   0.288256   0.443635
      0.06   0.962397   0.288256   0.443635
      0.07   0.962397   0.288256   0.443635
      0.08   0.962397   0.288256   0.443635
      0.09   0.962397   0.288256   0.443635
       0.1   0.962397   0.288256   0.443635
      0.11   0.962397   0.288256   0.443635
      0.12   0.962397   0.288256   0.443635
      0.13   0.962397   0.288256   0.443635
      0.14   0.962397   0.288256   0.443635
      0.15   0.962397   0.288256   0.443635
      0.16   0.962397   0.288256   0.443635
      0.17   0.962397   0.288256   0.443635
      0.18   0.962397   0.288256   0.443635
      0.19   0.962397   0.288256   0.443635
       0.2   0.962397   0.288256   0.443635
      0.21   0.962397   0.288256   0.443635
      0.22   0.962397   0.288256   0.443635
      0.23   0.962397   0.288256   0.443635
      0.24   0.962397   0.288256   0.443635
      0.25   0.962397   0.288256   0.443635
      0.26   0.962397   0.288256   0.443635
      0.27   0.962397   0.288256   0.443635
      0.28   0.962397   0.288256   0.443635
      0.29   0.962397   0.288256   0.443635
       0.3   0.962397   0.288256   0.443635
      0.31   0.962397   0.288256   0.443635
      0.32   0.962397   0.288256   0.443635
      0.33   0.962397   0.288256   0.443635
      0.34   0.962397   0.288256   0.443635
      0.35   0.962397   0.288256   0.443635
      0.36   0.962397   0.288256   0.443635
      0.37   0.962397   0.288256   0.443635
      0.38   0.962397   0.288256   0.443635
      0.39   0.962397   0.288256   0.443635
       0.4   0.962397   0.288256   0.443635
      0.41   0.962397   0.288256   0.443635
      0.42   0.962397   0.288256   0.443635
      0.43   0.962397   0.288256   0.443635
      0.44   0.962397   0.288256   0.443635
      0.45   0.962397   0.288256   0.443635
      0.46   0.962397   0.288256   0.443635
      0.47   0.962397   0.288256   0.443635
      0.48   0.962397   0.288256   0.443635
      0.49   0.962397   0.288256   0.443635
       0.5   0.962397   0.288256   0.443635
      0.51   0.962397   0.288256   0.443635
      0.52   0.962397   0.288256   0.443635
      0.53   0.962397   0.288256   0.443635
      0.54   0.962397   0.288256   0.443635
      0.55   0.962397   0.288256   0.443635
      0.56   0.962397   0.288256   0.443635
      0.57   0.962397   0.288256   0.443635
      0.58   0.962397   0.288256   0.443635
      0.59   0.962397   0.288256   0.443635
       0.6   0.962397   0.288256   0.443635
      0.61   0.962397   0.288256   0.443635
      0.62   0.962397   0.288256   0.443635
      0.63   0.962397   0.288256   0.443635
      0.64   0.962397   0.288256   0.443635
      0.65   0.962397   0.288256   0.443635
      0.66   0.962397   0.288256   0.443635
      0.67   0.962397   0.288256   0.443635
      0.68   0.962397   0.288256   0.443635
      0.69   0.962397   0.288256   0.443635
       0.7   0.962397   0.288256   0.443635
      0.71   0.962397   0.288256   0.443635
      0.72   0.962397   0.288256   0.443635
      0.73   0.962397   0.288256   0.443635
      0.74   0.962397   0.288256   0.443635
      0.75   0.962397   0.288256   0.443635
      0.76   0.962397   0.288256   0.443635
      0.77   0.962397   0.288256   0.443635
      0.78   0.962397   0.288256   0.443635
      0.79   0.962397   0.288256   0.443635
       0.8   0.962397   0.288256   0.443635
      0.81   0.962397   0.288256   0.443635
      0.82   0.962397   0.288256   0.443635
      0.83   0.962397   0.288256   0.443635
      0.84   0.962397   0.288256   0.443635
      0.85   0.962397   0.288256   0.443635
      0.86   0.962397   0.288256   0.443635
      0.87   0.962397   0.288256   0.443635
      0.88   0.962397   0.288256   0.443635
      0.89   0.962397   0.288256   0.443635
       0.9   0.962397   0.288256   0.443635
      0.91   0.962397   0.288256   0.443635
      0.92   0.962397   0.288256   0.443635
      0.93   0.962397   0.288256   0.443635
      0.94   0.962397   0.288256   0.443635
      0.95   0.962397   0.288256   0.443635
      0.96   0.962397   0.288256   0.443635
      0.97   0.962397   0.288256   0.443635
      0.98   0.962397   0.288256   0.443635
      0.99   0.962397   0.288256   0.443635
