         0          1   0.242084   0.389803
      0.01   0.996533   0.230616   0.374553
      0.02   0.996533   0.230616   0.374553
      0.03   0.996533   0.230616   0.374553
      0.04   0.996533   0.230616   0.374553
      0.05   0.996533   0.230616   0.374553
      0.06   0.996533   0.230616   0.374553
      0.07   0.996533   0.230616   0.374553
      0.08   0.996533   0.230616   0.374553
      0.09   0.996533   0.230616   0.374553
       0.1   0.996533   0.230616   0.374553
      0.11   0.996533   0.230616   0.374553
      0.12   0.996533   0.230616   0.374553
      0.13   0.996533   0.230616   0.374553
      0.14   0.996533   0.230616   0.374553
      0.15   0.996533   0.230616   0.374553
      0.16   0.996533   0.230616   0.374553
      0.17   0.996533   0.230616   0.374553
      0.18   0.996533   0.230616   0.374553
      0.19   0.996533   0.230616   0.374553
       0.2   0.996533   0.230616   0.374553
      0.21   0.996533   0.230616   0.374553
      0.22   0.996533   0.230616   0.374553
      0.23   0.996533   0.230616   0.374553
      0.24   0.996533   0.230616   0.374553
      0.25   0.996533   0.230616   0.374553
      0.26   0.996533   0.230616   0.374553
      0.27   0.996533   0.230616   0.374553
      0.28   0.996533   0.230616   0.374553
      0.29   0.996533   0.230616   0.374553
       0.3   0.996533   0.230616   0.374553
      0.31   0.996533   0.230616   0.374553
      0.32   0.996533   0.230616   0.374553
      0.33   0.996533   0.230616   0.374553
      0.34   0.996533   0.230616   0.374553
      0.35   0.996533   0.230616   0.374553
      0.36   0.996533   0.230616   0.374553
      0.37   0.996533   0.230616   0.374553
      0.38   0.996533   0.230616   0.374553
      0.39   0.996533   0.230616   0.374553
       0.4   0.996533   0.230616   0.374553
      0.41   0.996533   0.230616   0.374553
      0.42   0.996533   0.230616   0.374553
      0.43   0.996533   0.230616   0.374553
      0.44   0.996533   0.230616   0.374553
      0.45   0.996533   0.230616   0.374553
      0.46   0.996533   0.230616   0.374553
      0.47   0.996533   0.230616   0.374553
      0.48   0.996533   0.230616   0.374553
      0.49   0.996533   0.230616   0.374553
       0.5   0.996533   0.230616   0.374553
      0.51   0.996533   0.230616   0.374553
      0.52   0.996533   0.230616   0.374553
      0.53   0.996533   0.230616   0.374553
      0.54   0.996533   0.230616   0.374553
      0.55   0.996533   0.230616   0.374553
      0.56   0.996533   0.230616   0.374553
      0.57   0.996533   0.230616   0.374553
      0.58   0.996533   0.230616   0.374553
      0.59   0.996533   0.230616   0.374553
       0.6   0.996533   0.230616   0.374553
      0.61   0.996533   0.230616   0.374553
      0.62   0.996533   0.230616   0.374553
      0.63   0.996533   0.230616   0.374553
      0.64   0.996533   0.230616   0.374553
      0.65   0.996533   0.230616   0.374553
      0.66   0.996533   0.230616   0.374553
      0.67   0.996533   0.230616   0.374553
      0.68   0.996533   0.230616   0.374553
      0.69   0.996533   0.230616   0.374553
       0.7   0.996533   0.230616   0.374553
      0.71   0.996533   0.230616   0.374553
      0.72   0.996533   0.230616   0.374553
      0.73   0.996533   0.230616   0.374553
      0.74   0.996533   0.230616   0.374553
      0.75   0.996533   0.230616   0.374553
      0.76   0.996533   0.230616   0.374553
      0.77   0.996533   0.230616   0.374553
      0.78   0.996533   0.230616   0.374553
      0.79   0.996533   0.230616   0.374553
       0.8   0.996533   0.230616   0.374553
      0.81   0.996533   0.230616   0.374553
      0.82   0.996533   0.230616   0.374553
      0.83   0.996533   0.230616   0.374553
      0.84   0.996533   0.230616   0.374553
      0.85   0.996533   0.230616   0.374553
      0.86   0.996533   0.230616   0.374553
      0.87   0.996533   0.230616   0.374553
      0.88   0.996533   0.230616   0.374553
      0.89   0.996533   0.230616   0.374553
       0.9   0.996533   0.230616   0.374553
      0.91   0.996533   0.230616   0.374553
      0.92   0.996533   0.230616   0.374553
      0.93   0.996533   0.230616   0.374553
      0.94   0.996533   0.230616   0.374553
      0.95   0.996533   0.230616   0.374553
      0.96   0.996533   0.230616   0.374553
      0.97   0.996533   0.230616   0.374553
      0.98   0.996533   0.230616   0.374553
      0.99   0.996533   0.230616   0.374553
