         0          1   0.354609   0.523559
      0.01   0.979634   0.393235   0.561199
      0.02   0.979634   0.393235   0.561199
      0.03   0.979634   0.393235   0.561199
      0.04   0.979634   0.393235   0.561199
      0.05   0.979634   0.393235   0.561199
      0.06   0.979634   0.393235   0.561199
      0.07   0.979634   0.393235   0.561199
      0.08   0.979634   0.393235   0.561199
      0.09   0.979634   0.393235   0.561199
       0.1   0.979634   0.393235   0.561199
      0.11   0.979634   0.393235   0.561199
      0.12   0.979634   0.393235   0.561199
      0.13   0.979634   0.393235   0.561199
      0.14   0.979634   0.393235   0.561199
      0.15   0.979634   0.393235   0.561199
      0.16   0.979634   0.393235   0.561199
      0.17   0.979634   0.393235   0.561199
      0.18   0.979634   0.393235   0.561199
      0.19   0.979634   0.393235   0.561199
       0.2   0.979634   0.393235   0.561199
      0.21   0.979634   0.393235   0.561199
      0.22   0.979634   0.393235   0.561199
      0.23   0.979634   0.393235   0.561199
      0.24   0.979634   0.393235   0.561199
      0.25   0.979634   0.393235   0.561199
      0.26   0.979634   0.393235   0.561199
      0.27   0.979634   0.393235   0.561199
      0.28   0.979634   0.393235   0.561199
      0.29   0.979634   0.393235   0.561199
       0.3   0.979634   0.393235   0.561199
      0.31   0.979634   0.393235   0.561199
      0.32   0.979634   0.393235   0.561199
      0.33   0.979634   0.393235   0.561199
      0.34   0.979634   0.393235   0.561199
      0.35   0.979634   0.393235   0.561199
      0.36   0.979634   0.393235   0.561199
      0.37   0.979634   0.393235   0.561199
      0.38   0.979634   0.393235   0.561199
      0.39   0.979634   0.393235   0.561199
       0.4   0.979634   0.393235   0.561199
      0.41   0.979634   0.393235   0.561199
      0.42   0.979634   0.393235   0.561199
      0.43   0.979634   0.393235   0.561199
      0.44   0.979634   0.393235   0.561199
      0.45   0.979634   0.393235   0.561199
      0.46   0.979634   0.393235   0.561199
      0.47   0.979634   0.393235   0.561199
      0.48   0.979634   0.393235   0.561199
      0.49   0.979634   0.393235   0.561199
       0.5   0.979634   0.393235   0.561199
      0.51   0.979634   0.393235   0.561199
      0.52   0.979634   0.393235   0.561199
      0.53   0.979634   0.393235   0.561199
      0.54   0.979634   0.393235   0.561199
      0.55   0.979634   0.393235   0.561199
      0.56   0.979634   0.393235   0.561199
      0.57   0.979634   0.393235   0.561199
      0.58   0.979634   0.393235   0.561199
      0.59   0.979634   0.393235   0.561199
       0.6   0.979634   0.393235   0.561199
      0.61   0.979634   0.393235   0.561199
      0.62   0.979634   0.393235   0.561199
      0.63   0.979634   0.393235   0.561199
      0.64   0.979634   0.393235   0.561199
      0.65   0.979634   0.393235   0.561199
      0.66   0.979634   0.393235   0.561199
      0.67   0.979634   0.393235   0.561199
      0.68   0.979634   0.393235   0.561199
      0.69   0.979634   0.393235   0.561199
       0.7   0.979634   0.393235   0.561199
      0.71   0.979634   0.393235   0.561199
      0.72   0.979634   0.393235   0.561199
      0.73   0.979634   0.393235   0.561199
      0.74   0.979634   0.393235   0.561199
      0.75   0.979634   0.393235   0.561199
      0.76   0.979634   0.393235   0.561199
      0.77   0.979634   0.393235   0.561199
      0.78   0.979634   0.393235   0.561199
      0.79   0.979634   0.393235   0.561199
       0.8   0.979634   0.393235   0.561199
      0.81   0.979634   0.393235   0.561199
      0.82   0.979634   0.393235   0.561199
      0.83   0.979634   0.393235   0.561199
      0.84   0.979634   0.393235   0.561199
      0.85   0.979634   0.393235   0.561199
      0.86   0.979634   0.393235   0.561199
      0.87   0.979634   0.393235   0.561199
      0.88   0.979634   0.393235   0.561199
      0.89   0.979634   0.393235   0.561199
       0.9   0.979634   0.393235   0.561199
      0.91   0.979634   0.393235   0.561199
      0.92   0.979634   0.393235   0.561199
      0.93   0.979634   0.393235   0.561199
      0.94   0.979634   0.393235   0.561199
      0.95   0.979634   0.393235   0.561199
      0.96   0.979634   0.393235   0.561199
      0.97   0.979634   0.393235   0.561199
      0.98   0.979634   0.393235   0.561199
      0.99   0.979634   0.393235   0.561199
