         0          1   0.317058   0.481463
      0.01   0.975231   0.359488    0.52533
      0.02   0.975231   0.359488    0.52533
      0.03   0.975231   0.359488    0.52533
      0.04   0.975231   0.359488    0.52533
      0.05   0.975231   0.359488    0.52533
      0.06   0.975231   0.359488    0.52533
      0.07   0.975231   0.359488    0.52533
      0.08   0.975231   0.359488    0.52533
      0.09   0.975231   0.359488    0.52533
       0.1   0.975231   0.359488    0.52533
      0.11   0.975231   0.359488    0.52533
      0.12   0.975231   0.359488    0.52533
      0.13   0.975231   0.359488    0.52533
      0.14   0.975231   0.359488    0.52533
      0.15   0.975231   0.359488    0.52533
      0.16   0.975231   0.359488    0.52533
      0.17   0.975231   0.359488    0.52533
      0.18   0.975231   0.359488    0.52533
      0.19   0.975231   0.359488    0.52533
       0.2   0.975231   0.359488    0.52533
      0.21   0.975231   0.359488    0.52533
      0.22   0.975231   0.359488    0.52533
      0.23   0.975231   0.359488    0.52533
      0.24   0.975231   0.359488    0.52533
      0.25   0.975231   0.359488    0.52533
      0.26   0.975231   0.359488    0.52533
      0.27   0.975231   0.359488    0.52533
      0.28   0.975231   0.359488    0.52533
      0.29   0.975231   0.359488    0.52533
       0.3   0.975231   0.359488    0.52533
      0.31   0.975231   0.359488    0.52533
      0.32   0.975231   0.359488    0.52533
      0.33   0.975231   0.359488    0.52533
      0.34   0.975231   0.359488    0.52533
      0.35   0.975231   0.359488    0.52533
      0.36   0.975231   0.359488    0.52533
      0.37   0.975231   0.359488    0.52533
      0.38   0.975231   0.359488    0.52533
      0.39   0.975231   0.359488    0.52533
       0.4   0.975231   0.359488    0.52533
      0.41   0.975231   0.359488    0.52533
      0.42   0.975231   0.359488    0.52533
      0.43   0.975231   0.359488    0.52533
      0.44   0.975231   0.359488    0.52533
      0.45   0.975231   0.359488    0.52533
      0.46   0.975231   0.359488    0.52533
      0.47   0.975231   0.359488    0.52533
      0.48   0.975231   0.359488    0.52533
      0.49   0.975231   0.359488    0.52533
       0.5   0.975231   0.359488    0.52533
      0.51   0.975231   0.359488    0.52533
      0.52   0.975231   0.359488    0.52533
      0.53   0.975231   0.359488    0.52533
      0.54   0.975231   0.359488    0.52533
      0.55   0.975231   0.359488    0.52533
      0.56   0.975231   0.359488    0.52533
      0.57   0.975231   0.359488    0.52533
      0.58   0.975231   0.359488    0.52533
      0.59   0.975231   0.359488    0.52533
       0.6   0.975231   0.359488    0.52533
      0.61   0.975231   0.359488    0.52533
      0.62   0.975231   0.359488    0.52533
      0.63   0.975231   0.359488    0.52533
      0.64   0.975231   0.359488    0.52533
      0.65   0.975231   0.359488    0.52533
      0.66   0.975231   0.359488    0.52533
      0.67   0.975231   0.359488    0.52533
      0.68   0.975231   0.359488    0.52533
      0.69   0.975231   0.359488    0.52533
       0.7   0.975231   0.359488    0.52533
      0.71   0.975231   0.359488    0.52533
      0.72   0.975231   0.359488    0.52533
      0.73   0.975231   0.359488    0.52533
      0.74   0.975231   0.359488    0.52533
      0.75   0.975231   0.359488    0.52533
      0.76   0.975231   0.359488    0.52533
      0.77   0.975231   0.359488    0.52533
      0.78   0.975231   0.359488    0.52533
      0.79   0.975231   0.359488    0.52533
       0.8   0.975231   0.359488    0.52533
      0.81   0.975231   0.359488    0.52533
      0.82   0.975231   0.359488    0.52533
      0.83   0.975231   0.359488    0.52533
      0.84   0.975231   0.359488    0.52533
      0.85   0.975231   0.359488    0.52533
      0.86   0.975231   0.359488    0.52533
      0.87   0.975231   0.359488    0.52533
      0.88   0.975231   0.359488    0.52533
      0.89   0.975231   0.359488    0.52533
       0.9   0.975231   0.359488    0.52533
      0.91   0.975231   0.359488    0.52533
      0.92   0.975231   0.359488    0.52533
      0.93   0.975231   0.359488    0.52533
      0.94   0.975231   0.359488    0.52533
      0.95   0.975231   0.359488    0.52533
      0.96   0.975231   0.359488    0.52533
      0.97   0.975231   0.359488    0.52533
      0.98   0.975231   0.359488    0.52533
      0.99   0.975231   0.359488    0.52533
