         0          1   0.296598   0.457502
      0.01   0.980812   0.522315   0.681636
      0.02   0.980812   0.522315   0.681636
      0.03   0.980812   0.522315   0.681636
      0.04   0.980812   0.522315   0.681636
      0.05   0.980812   0.522315   0.681636
      0.06   0.980812   0.522315   0.681636
      0.07   0.980812   0.522315   0.681636
      0.08   0.980812   0.522315   0.681636
      0.09   0.980812   0.522315   0.681636
       0.1   0.980812   0.522315   0.681636
      0.11   0.980812   0.522315   0.681636
      0.12   0.980812   0.522315   0.681636
      0.13   0.980812   0.522315   0.681636
      0.14   0.980812   0.522315   0.681636
      0.15   0.980812   0.522315   0.681636
      0.16   0.980812   0.522315   0.681636
      0.17   0.980812   0.522315   0.681636
      0.18   0.980812   0.522315   0.681636
      0.19   0.980812   0.522315   0.681636
       0.2   0.980812   0.522315   0.681636
      0.21   0.980812   0.522315   0.681636
      0.22   0.980812   0.522315   0.681636
      0.23   0.980812   0.522315   0.681636
      0.24   0.980812   0.522315   0.681636
      0.25   0.980812   0.522315   0.681636
      0.26   0.980812   0.522315   0.681636
      0.27   0.980812   0.522315   0.681636
      0.28   0.980812   0.522315   0.681636
      0.29   0.980812   0.522315   0.681636
       0.3   0.980812   0.522315   0.681636
      0.31   0.980812   0.522315   0.681636
      0.32   0.980812   0.522315   0.681636
      0.33   0.980812   0.522315   0.681636
      0.34   0.980812   0.522315   0.681636
      0.35   0.980812   0.522315   0.681636
      0.36   0.980812   0.522315   0.681636
      0.37   0.980812   0.522315   0.681636
      0.38   0.980812   0.522315   0.681636
      0.39   0.980812   0.522315   0.681636
       0.4   0.980812   0.522315   0.681636
      0.41   0.980812   0.522315   0.681636
      0.42   0.980812   0.522315   0.681636
      0.43   0.980812   0.522315   0.681636
      0.44   0.980812   0.522315   0.681636
      0.45   0.980812   0.522315   0.681636
      0.46   0.980812   0.522315   0.681636
      0.47   0.980812   0.522315   0.681636
      0.48   0.980812   0.522315   0.681636
      0.49   0.980812   0.522315   0.681636
       0.5   0.980812   0.522315   0.681636
      0.51   0.980812   0.522315   0.681636
      0.52   0.980812   0.522315   0.681636
      0.53   0.980812   0.522315   0.681636
      0.54   0.980812   0.522315   0.681636
      0.55   0.980812   0.522315   0.681636
      0.56   0.980812   0.522315   0.681636
      0.57   0.980812   0.522315   0.681636
      0.58   0.980812   0.522315   0.681636
      0.59   0.980812   0.522315   0.681636
       0.6   0.980812   0.522315   0.681636
      0.61   0.980812   0.522315   0.681636
      0.62   0.980812   0.522315   0.681636
      0.63   0.980812   0.522315   0.681636
      0.64   0.980812   0.522315   0.681636
      0.65   0.980812   0.522315   0.681636
      0.66   0.980812   0.522315   0.681636
      0.67   0.980812   0.522315   0.681636
      0.68   0.980812   0.522315   0.681636
      0.69   0.980812   0.522315   0.681636
       0.7   0.980812   0.522315   0.681636
      0.71   0.980812   0.522315   0.681636
      0.72   0.980812   0.522315   0.681636
      0.73   0.980812   0.522315   0.681636
      0.74   0.980812   0.522315   0.681636
      0.75   0.980812   0.522315   0.681636
      0.76   0.980812   0.522315   0.681636
      0.77   0.980812   0.522315   0.681636
      0.78   0.980812   0.522315   0.681636
      0.79   0.980812   0.522315   0.681636
       0.8   0.980812   0.522315   0.681636
      0.81   0.980812   0.522315   0.681636
      0.82   0.980812   0.522315   0.681636
      0.83   0.980812   0.522315   0.681636
      0.84   0.980812   0.522315   0.681636
      0.85   0.980812   0.522315   0.681636
      0.86   0.980812   0.522315   0.681636
      0.87   0.980812   0.522315   0.681636
      0.88   0.980812   0.522315   0.681636
      0.89   0.980812   0.522315   0.681636
       0.9   0.980812   0.522315   0.681636
      0.91   0.980812   0.522315   0.681636
      0.92   0.980812   0.522315   0.681636
      0.93   0.980812   0.522315   0.681636
      0.94   0.980812   0.522315   0.681636
      0.95   0.980812   0.522315   0.681636
      0.96   0.980812   0.522315   0.681636
      0.97   0.980812   0.522315   0.681636
      0.98   0.980812   0.522315   0.681636
      0.99   0.980812   0.522315   0.681636
