         0          1   0.337394   0.504555
      0.01   0.960036     0.3749   0.539228
      0.02   0.960036     0.3749   0.539228
      0.03   0.960036     0.3749   0.539228
      0.04   0.960036     0.3749   0.539228
      0.05   0.960036     0.3749   0.539228
      0.06   0.960036     0.3749   0.539228
      0.07   0.960036     0.3749   0.539228
      0.08   0.960036     0.3749   0.539228
      0.09   0.960036     0.3749   0.539228
       0.1   0.960036     0.3749   0.539228
      0.11   0.960036     0.3749   0.539228
      0.12   0.960036     0.3749   0.539228
      0.13   0.960036     0.3749   0.539228
      0.14   0.960036     0.3749   0.539228
      0.15   0.960036     0.3749   0.539228
      0.16   0.960036     0.3749   0.539228
      0.17   0.960036     0.3749   0.539228
      0.18   0.960036     0.3749   0.539228
      0.19   0.960036     0.3749   0.539228
       0.2   0.960036     0.3749   0.539228
      0.21   0.960036     0.3749   0.539228
      0.22   0.960036     0.3749   0.539228
      0.23   0.960036     0.3749   0.539228
      0.24   0.960036     0.3749   0.539228
      0.25   0.960036     0.3749   0.539228
      0.26   0.960036     0.3749   0.539228
      0.27   0.960036     0.3749   0.539228
      0.28   0.960036     0.3749   0.539228
      0.29   0.960036     0.3749   0.539228
       0.3   0.960036     0.3749   0.539228
      0.31   0.960036     0.3749   0.539228
      0.32   0.960036     0.3749   0.539228
      0.33   0.960036     0.3749   0.539228
      0.34   0.960036     0.3749   0.539228
      0.35   0.960036     0.3749   0.539228
      0.36   0.960036     0.3749   0.539228
      0.37   0.960036     0.3749   0.539228
      0.38   0.960036     0.3749   0.539228
      0.39   0.960036     0.3749   0.539228
       0.4   0.960036     0.3749   0.539228
      0.41   0.960036     0.3749   0.539228
      0.42   0.960036     0.3749   0.539228
      0.43   0.960036     0.3749   0.539228
      0.44   0.960036     0.3749   0.539228
      0.45   0.960036     0.3749   0.539228
      0.46   0.960036     0.3749   0.539228
      0.47   0.960036     0.3749   0.539228
      0.48   0.960036     0.3749   0.539228
      0.49   0.960036     0.3749   0.539228
       0.5   0.960036     0.3749   0.539228
      0.51   0.960036     0.3749   0.539228
      0.52   0.960036     0.3749   0.539228
      0.53   0.960036     0.3749   0.539228
      0.54   0.960036     0.3749   0.539228
      0.55   0.960036     0.3749   0.539228
      0.56   0.960036     0.3749   0.539228
      0.57   0.960036     0.3749   0.539228
      0.58   0.960036     0.3749   0.539228
      0.59   0.960036     0.3749   0.539228
       0.6   0.960036     0.3749   0.539228
      0.61   0.960036     0.3749   0.539228
      0.62   0.960036     0.3749   0.539228
      0.63   0.960036     0.3749   0.539228
      0.64   0.960036     0.3749   0.539228
      0.65   0.960036     0.3749   0.539228
      0.66   0.960036     0.3749   0.539228
      0.67   0.960036     0.3749   0.539228
      0.68   0.960036     0.3749   0.539228
      0.69   0.960036     0.3749   0.539228
       0.7   0.960036     0.3749   0.539228
      0.71   0.960036     0.3749   0.539228
      0.72   0.960036     0.3749   0.539228
      0.73   0.960036     0.3749   0.539228
      0.74   0.960036     0.3749   0.539228
      0.75   0.960036     0.3749   0.539228
      0.76   0.960036     0.3749   0.539228
      0.77   0.960036     0.3749   0.539228
      0.78   0.960036     0.3749   0.539228
      0.79   0.960036     0.3749   0.539228
       0.8   0.960036     0.3749   0.539228
      0.81   0.960036     0.3749   0.539228
      0.82   0.960036     0.3749   0.539228
      0.83   0.960036     0.3749   0.539228
      0.84   0.960036     0.3749   0.539228
      0.85   0.960036     0.3749   0.539228
      0.86   0.960036     0.3749   0.539228
      0.87   0.960036     0.3749   0.539228
      0.88   0.960036     0.3749   0.539228
      0.89   0.960036     0.3749   0.539228
       0.9   0.960036     0.3749   0.539228
      0.91   0.960036     0.3749   0.539228
      0.92   0.960036     0.3749   0.539228
      0.93   0.960036     0.3749   0.539228
      0.94   0.960036     0.3749   0.539228
      0.95   0.960036     0.3749   0.539228
      0.96   0.960036     0.3749   0.539228
      0.97   0.960036     0.3749   0.539228
      0.98   0.960036     0.3749   0.539228
      0.99   0.960036     0.3749   0.539228
