         0          1   0.223995   0.366006
      0.01   0.970014   0.264968   0.416237
      0.02   0.970014   0.264968   0.416237
      0.03   0.970014   0.264968   0.416237
      0.04   0.970014   0.264968   0.416237
      0.05   0.970014   0.264968   0.416237
      0.06   0.970014   0.264968   0.416237
      0.07   0.970014   0.264968   0.416237
      0.08   0.970014   0.264968   0.416237
      0.09   0.970014   0.264968   0.416237
       0.1   0.970014   0.264968   0.416237
      0.11   0.970014   0.264968   0.416237
      0.12   0.970014   0.264968   0.416237
      0.13   0.970014   0.264968   0.416237
      0.14   0.970014   0.264968   0.416237
      0.15   0.970014   0.264968   0.416237
      0.16   0.970014   0.264968   0.416237
      0.17   0.970014   0.264968   0.416237
      0.18   0.970014   0.264968   0.416237
      0.19   0.970014   0.264968   0.416237
       0.2   0.970014   0.264968   0.416237
      0.21   0.970014   0.264968   0.416237
      0.22   0.970014   0.264968   0.416237
      0.23   0.970014   0.264968   0.416237
      0.24   0.970014   0.264968   0.416237
      0.25   0.970014   0.264968   0.416237
      0.26   0.970014   0.264968   0.416237
      0.27   0.970014   0.264968   0.416237
      0.28   0.970014   0.264968   0.416237
      0.29   0.970014   0.264968   0.416237
       0.3   0.970014   0.264968   0.416237
      0.31   0.970014   0.264968   0.416237
      0.32   0.970014   0.264968   0.416237
      0.33   0.970014   0.264968   0.416237
      0.34   0.970014   0.264968   0.416237
      0.35   0.970014   0.264968   0.416237
      0.36   0.970014   0.264968   0.416237
      0.37   0.970014   0.264968   0.416237
      0.38   0.970014   0.264968   0.416237
      0.39   0.970014   0.264968   0.416237
       0.4   0.970014   0.264968   0.416237
      0.41   0.970014   0.264968   0.416237
      0.42   0.970014   0.264968   0.416237
      0.43   0.970014   0.264968   0.416237
      0.44   0.970014   0.264968   0.416237
      0.45   0.970014   0.264968   0.416237
      0.46   0.970014   0.264968   0.416237
      0.47   0.970014   0.264968   0.416237
      0.48   0.970014   0.264968   0.416237
      0.49   0.970014   0.264968   0.416237
       0.5   0.970014   0.264968   0.416237
      0.51   0.970014   0.264968   0.416237
      0.52   0.970014   0.264968   0.416237
      0.53   0.970014   0.264968   0.416237
      0.54   0.970014   0.264968   0.416237
      0.55   0.970014   0.264968   0.416237
      0.56   0.970014   0.264968   0.416237
      0.57   0.970014   0.264968   0.416237
      0.58   0.970014   0.264968   0.416237
      0.59   0.970014   0.264968   0.416237
       0.6   0.970014   0.264968   0.416237
      0.61   0.970014   0.264968   0.416237
      0.62   0.970014   0.264968   0.416237
      0.63   0.970014   0.264968   0.416237
      0.64   0.970014   0.264968   0.416237
      0.65   0.970014   0.264968   0.416237
      0.66   0.970014   0.264968   0.416237
      0.67   0.970014   0.264968   0.416237
      0.68   0.970014   0.264968   0.416237
      0.69   0.970014   0.264968   0.416237
       0.7   0.970014   0.264968   0.416237
      0.71   0.970014   0.264968   0.416237
      0.72   0.970014   0.264968   0.416237
      0.73   0.970014   0.264968   0.416237
      0.74   0.970014   0.264968   0.416237
      0.75   0.970014   0.264968   0.416237
      0.76   0.970014   0.264968   0.416237
      0.77   0.970014   0.264968   0.416237
      0.78   0.970014   0.264968   0.416237
      0.79   0.970014   0.264968   0.416237
       0.8   0.970014   0.264968   0.416237
      0.81   0.970014   0.264968   0.416237
      0.82   0.970014   0.264968   0.416237
      0.83   0.970014   0.264968   0.416237
      0.84   0.970014   0.264968   0.416237
      0.85   0.970014   0.264968   0.416237
      0.86   0.970014   0.264968   0.416237
      0.87   0.970014   0.264968   0.416237
      0.88   0.970014   0.264968   0.416237
      0.89   0.970014   0.264968   0.416237
       0.9   0.970014   0.264968   0.416237
      0.91   0.970014   0.264968   0.416237
      0.92   0.970014   0.264968   0.416237
      0.93   0.970014   0.264968   0.416237
      0.94   0.970014   0.264968   0.416237
      0.95   0.970014   0.264968   0.416237
      0.96   0.970014   0.264968   0.416237
      0.97   0.970014   0.264968   0.416237
      0.98   0.970014   0.264968   0.416237
      0.99   0.970014   0.264968   0.416237
