         0          1   0.230724    0.37494
      0.01   0.856321    0.19957   0.323701
      0.02   0.856321    0.19957   0.323701
      0.03   0.856321    0.19957   0.323701
      0.04   0.856321    0.19957   0.323701
      0.05   0.856321    0.19957   0.323701
      0.06   0.856321    0.19957   0.323701
      0.07   0.856321    0.19957   0.323701
      0.08   0.856321    0.19957   0.323701
      0.09   0.856321    0.19957   0.323701
       0.1   0.856321    0.19957   0.323701
      0.11   0.856321    0.19957   0.323701
      0.12   0.856321    0.19957   0.323701
      0.13   0.856321    0.19957   0.323701
      0.14   0.856321    0.19957   0.323701
      0.15   0.856321    0.19957   0.323701
      0.16   0.856321    0.19957   0.323701
      0.17   0.856321    0.19957   0.323701
      0.18   0.856321    0.19957   0.323701
      0.19   0.856321    0.19957   0.323701
       0.2   0.856321    0.19957   0.323701
      0.21   0.856321    0.19957   0.323701
      0.22   0.856321    0.19957   0.323701
      0.23   0.856321    0.19957   0.323701
      0.24   0.856321    0.19957   0.323701
      0.25   0.856321    0.19957   0.323701
      0.26   0.856321    0.19957   0.323701
      0.27   0.856321    0.19957   0.323701
      0.28   0.856321    0.19957   0.323701
      0.29   0.856321    0.19957   0.323701
       0.3   0.856321    0.19957   0.323701
      0.31   0.856321    0.19957   0.323701
      0.32   0.856321    0.19957   0.323701
      0.33   0.856321    0.19957   0.323701
      0.34   0.856321    0.19957   0.323701
      0.35   0.856321    0.19957   0.323701
      0.36   0.856321    0.19957   0.323701
      0.37   0.856321    0.19957   0.323701
      0.38   0.856321    0.19957   0.323701
      0.39   0.856321    0.19957   0.323701
       0.4   0.856321    0.19957   0.323701
      0.41   0.856321    0.19957   0.323701
      0.42   0.856321    0.19957   0.323701
      0.43   0.856321    0.19957   0.323701
      0.44   0.856321    0.19957   0.323701
      0.45   0.856321    0.19957   0.323701
      0.46   0.856321    0.19957   0.323701
      0.47   0.856321    0.19957   0.323701
      0.48   0.856321    0.19957   0.323701
      0.49   0.856321    0.19957   0.323701
       0.5   0.856321    0.19957   0.323701
      0.51   0.856321    0.19957   0.323701
      0.52   0.856321    0.19957   0.323701
      0.53   0.856321    0.19957   0.323701
      0.54   0.856321    0.19957   0.323701
      0.55   0.856321    0.19957   0.323701
      0.56   0.856321    0.19957   0.323701
      0.57   0.856321    0.19957   0.323701
      0.58   0.856321    0.19957   0.323701
      0.59   0.856321    0.19957   0.323701
       0.6   0.856321    0.19957   0.323701
      0.61   0.856321    0.19957   0.323701
      0.62   0.856321    0.19957   0.323701
      0.63   0.856321    0.19957   0.323701
      0.64   0.856321    0.19957   0.323701
      0.65   0.856321    0.19957   0.323701
      0.66   0.856321    0.19957   0.323701
      0.67   0.856321    0.19957   0.323701
      0.68   0.856321    0.19957   0.323701
      0.69   0.856321    0.19957   0.323701
       0.7   0.856321    0.19957   0.323701
      0.71   0.856321    0.19957   0.323701
      0.72   0.856321    0.19957   0.323701
      0.73   0.856321    0.19957   0.323701
      0.74   0.856321    0.19957   0.323701
      0.75   0.856321    0.19957   0.323701
      0.76   0.856321    0.19957   0.323701
      0.77   0.856321    0.19957   0.323701
      0.78   0.856321    0.19957   0.323701
      0.79   0.856321    0.19957   0.323701
       0.8   0.856321    0.19957   0.323701
      0.81   0.856321    0.19957   0.323701
      0.82   0.856321    0.19957   0.323701
      0.83   0.856321    0.19957   0.323701
      0.84   0.856321    0.19957   0.323701
      0.85   0.856321    0.19957   0.323701
      0.86   0.856321    0.19957   0.323701
      0.87   0.856321    0.19957   0.323701
      0.88   0.856321    0.19957   0.323701
      0.89   0.856321    0.19957   0.323701
       0.9   0.856321    0.19957   0.323701
      0.91   0.856321    0.19957   0.323701
      0.92   0.856321    0.19957   0.323701
      0.93   0.856321    0.19957   0.323701
      0.94   0.856321    0.19957   0.323701
      0.95   0.856321    0.19957   0.323701
      0.96   0.856321    0.19957   0.323701
      0.97   0.856321    0.19957   0.323701
      0.98   0.856321    0.19957   0.323701
      0.99   0.856321    0.19957   0.323701
