         0          1   0.150167   0.261123
      0.01   0.902173   0.162368   0.275206
      0.02   0.902173   0.162368   0.275206
      0.03   0.902173   0.162368   0.275206
      0.04   0.902173   0.162368   0.275206
      0.05   0.902173   0.162368   0.275206
      0.06   0.902173   0.162368   0.275206
      0.07   0.902173   0.162368   0.275206
      0.08   0.902173   0.162368   0.275206
      0.09   0.902173   0.162368   0.275206
       0.1   0.902173   0.162368   0.275206
      0.11   0.902173   0.162368   0.275206
      0.12   0.902173   0.162368   0.275206
      0.13   0.902173   0.162368   0.275206
      0.14   0.902173   0.162368   0.275206
      0.15   0.902173   0.162368   0.275206
      0.16   0.902173   0.162368   0.275206
      0.17   0.902173   0.162368   0.275206
      0.18   0.902173   0.162368   0.275206
      0.19   0.902173   0.162368   0.275206
       0.2   0.902173   0.162368   0.275206
      0.21   0.902173   0.162368   0.275206
      0.22   0.902173   0.162368   0.275206
      0.23   0.902173   0.162368   0.275206
      0.24   0.902173   0.162368   0.275206
      0.25   0.902173   0.162368   0.275206
      0.26   0.902173   0.162368   0.275206
      0.27   0.902173   0.162368   0.275206
      0.28   0.902173   0.162368   0.275206
      0.29   0.902173   0.162368   0.275206
       0.3   0.902173   0.162368   0.275206
      0.31   0.902173   0.162368   0.275206
      0.32   0.902173   0.162368   0.275206
      0.33   0.902173   0.162368   0.275206
      0.34   0.902173   0.162368   0.275206
      0.35   0.902173   0.162368   0.275206
      0.36   0.902173   0.162368   0.275206
      0.37   0.902173   0.162368   0.275206
      0.38   0.902173   0.162368   0.275206
      0.39   0.902173   0.162368   0.275206
       0.4   0.902173   0.162368   0.275206
      0.41   0.902173   0.162368   0.275206
      0.42   0.902173   0.162368   0.275206
      0.43   0.902173   0.162368   0.275206
      0.44   0.902173   0.162368   0.275206
      0.45   0.902173   0.162368   0.275206
      0.46   0.902173   0.162368   0.275206
      0.47   0.902173   0.162368   0.275206
      0.48   0.902173   0.162368   0.275206
      0.49   0.902173   0.162368   0.275206
       0.5   0.902173   0.162368   0.275206
      0.51   0.902173   0.162368   0.275206
      0.52   0.902173   0.162368   0.275206
      0.53   0.902173   0.162368   0.275206
      0.54   0.902173   0.162368   0.275206
      0.55   0.902173   0.162368   0.275206
      0.56   0.902173   0.162368   0.275206
      0.57   0.902173   0.162368   0.275206
      0.58   0.902173   0.162368   0.275206
      0.59   0.902173   0.162368   0.275206
       0.6   0.902173   0.162368   0.275206
      0.61   0.902173   0.162368   0.275206
      0.62   0.902173   0.162368   0.275206
      0.63   0.902173   0.162368   0.275206
      0.64   0.902173   0.162368   0.275206
      0.65   0.902173   0.162368   0.275206
      0.66   0.902173   0.162368   0.275206
      0.67   0.902173   0.162368   0.275206
      0.68   0.902173   0.162368   0.275206
      0.69   0.902173   0.162368   0.275206
       0.7   0.902173   0.162368   0.275206
      0.71   0.902173   0.162368   0.275206
      0.72   0.902173   0.162368   0.275206
      0.73   0.902173   0.162368   0.275206
      0.74   0.902173   0.162368   0.275206
      0.75   0.902173   0.162368   0.275206
      0.76   0.902173   0.162368   0.275206
      0.77   0.902173   0.162368   0.275206
      0.78   0.902173   0.162368   0.275206
      0.79   0.902173   0.162368   0.275206
       0.8   0.902173   0.162368   0.275206
      0.81   0.902173   0.162368   0.275206
      0.82   0.902173   0.162368   0.275206
      0.83   0.902173   0.162368   0.275206
      0.84   0.902173   0.162368   0.275206
      0.85   0.902173   0.162368   0.275206
      0.86   0.902173   0.162368   0.275206
      0.87   0.902173   0.162368   0.275206
      0.88   0.902173   0.162368   0.275206
      0.89   0.902173   0.162368   0.275206
       0.9   0.902173   0.162368   0.275206
      0.91   0.902173   0.162368   0.275206
      0.92   0.902173   0.162368   0.275206
      0.93   0.902173   0.162368   0.275206
      0.94   0.902173   0.162368   0.275206
      0.95   0.902173   0.162368   0.275206
      0.96   0.902173   0.162368   0.275206
      0.97   0.902173   0.162368   0.275206
      0.98   0.902173   0.162368   0.275206
      0.99   0.902173   0.162368   0.275206
