         0          1   0.263807   0.417479
      0.01   0.991804    0.46561   0.633717
      0.02   0.991804    0.46561   0.633717
      0.03   0.991804    0.46561   0.633717
      0.04   0.991804    0.46561   0.633717
      0.05   0.991804    0.46561   0.633717
      0.06   0.991804    0.46561   0.633717
      0.07   0.991804    0.46561   0.633717
      0.08   0.991804    0.46561   0.633717
      0.09   0.991804    0.46561   0.633717
       0.1   0.991804    0.46561   0.633717
      0.11   0.991804    0.46561   0.633717
      0.12   0.991804    0.46561   0.633717
      0.13   0.991804    0.46561   0.633717
      0.14   0.991804    0.46561   0.633717
      0.15   0.991804    0.46561   0.633717
      0.16   0.991804    0.46561   0.633717
      0.17   0.991804    0.46561   0.633717
      0.18   0.991804    0.46561   0.633717
      0.19   0.991804    0.46561   0.633717
       0.2   0.991804    0.46561   0.633717
      0.21   0.991804    0.46561   0.633717
      0.22   0.991804    0.46561   0.633717
      0.23   0.991804    0.46561   0.633717
      0.24   0.991804    0.46561   0.633717
      0.25   0.991804    0.46561   0.633717
      0.26   0.991804    0.46561   0.633717
      0.27   0.991804    0.46561   0.633717
      0.28   0.991804    0.46561   0.633717
      0.29   0.991804    0.46561   0.633717
       0.3   0.991804    0.46561   0.633717
      0.31   0.991804    0.46561   0.633717
      0.32   0.991804    0.46561   0.633717
      0.33   0.991804    0.46561   0.633717
      0.34   0.991804    0.46561   0.633717
      0.35   0.991804    0.46561   0.633717
      0.36   0.991804    0.46561   0.633717
      0.37   0.991804    0.46561   0.633717
      0.38   0.991804    0.46561   0.633717
      0.39   0.991804    0.46561   0.633717
       0.4   0.991804    0.46561   0.633717
      0.41   0.991804    0.46561   0.633717
      0.42   0.991804    0.46561   0.633717
      0.43   0.991804    0.46561   0.633717
      0.44   0.991804    0.46561   0.633717
      0.45   0.991804    0.46561   0.633717
      0.46   0.991804    0.46561   0.633717
      0.47   0.991804    0.46561   0.633717
      0.48   0.991804    0.46561   0.633717
      0.49   0.991804    0.46561   0.633717
       0.5   0.991804    0.46561   0.633717
      0.51   0.991804    0.46561   0.633717
      0.52   0.991804    0.46561   0.633717
      0.53   0.991804    0.46561   0.633717
      0.54   0.991804    0.46561   0.633717
      0.55   0.991804    0.46561   0.633717
      0.56   0.991804    0.46561   0.633717
      0.57   0.991804    0.46561   0.633717
      0.58   0.991804    0.46561   0.633717
      0.59   0.991804    0.46561   0.633717
       0.6   0.991804    0.46561   0.633717
      0.61   0.991804    0.46561   0.633717
      0.62   0.991804    0.46561   0.633717
      0.63   0.991804    0.46561   0.633717
      0.64   0.991804    0.46561   0.633717
      0.65   0.991804    0.46561   0.633717
      0.66   0.991804    0.46561   0.633717
      0.67   0.991804    0.46561   0.633717
      0.68   0.991804    0.46561   0.633717
      0.69   0.991804    0.46561   0.633717
       0.7   0.991804    0.46561   0.633717
      0.71   0.991804    0.46561   0.633717
      0.72   0.991804    0.46561   0.633717
      0.73   0.991804    0.46561   0.633717
      0.74   0.991804    0.46561   0.633717
      0.75   0.991804    0.46561   0.633717
      0.76   0.991804    0.46561   0.633717
      0.77   0.991804    0.46561   0.633717
      0.78   0.991804    0.46561   0.633717
      0.79   0.991804    0.46561   0.633717
       0.8   0.991804    0.46561   0.633717
      0.81   0.991804    0.46561   0.633717
      0.82   0.991804    0.46561   0.633717
      0.83   0.991804    0.46561   0.633717
      0.84   0.991804    0.46561   0.633717
      0.85   0.991804    0.46561   0.633717
      0.86   0.991804    0.46561   0.633717
      0.87   0.991804    0.46561   0.633717
      0.88   0.991804    0.46561   0.633717
      0.89   0.991804    0.46561   0.633717
       0.9   0.991804    0.46561   0.633717
      0.91   0.991804    0.46561   0.633717
      0.92   0.991804    0.46561   0.633717
      0.93   0.991804    0.46561   0.633717
      0.94   0.991804    0.46561   0.633717
      0.95   0.991804    0.46561   0.633717
      0.96   0.991804    0.46561   0.633717
      0.97   0.991804    0.46561   0.633717
      0.98   0.991804    0.46561   0.633717
      0.99   0.991804    0.46561   0.633717
