         0          1   0.181029   0.306561
      0.01   0.827876   0.193223   0.313319
      0.02   0.827876   0.193223   0.313319
      0.03   0.827876   0.193223   0.313319
      0.04   0.827876   0.193223   0.313319
      0.05   0.827876   0.193223   0.313319
      0.06   0.827876   0.193223   0.313319
      0.07   0.827876   0.193223   0.313319
      0.08   0.827876   0.193223   0.313319
      0.09   0.827876   0.193223   0.313319
       0.1   0.827876   0.193223   0.313319
      0.11   0.827876   0.193223   0.313319
      0.12   0.827876   0.193223   0.313319
      0.13   0.827876   0.193223   0.313319
      0.14   0.827876   0.193223   0.313319
      0.15   0.827876   0.193223   0.313319
      0.16   0.827876   0.193223   0.313319
      0.17   0.827876   0.193223   0.313319
      0.18   0.827876   0.193223   0.313319
      0.19   0.827876   0.193223   0.313319
       0.2   0.827876   0.193223   0.313319
      0.21   0.827876   0.193223   0.313319
      0.22   0.827876   0.193223   0.313319
      0.23   0.827876   0.193223   0.313319
      0.24   0.827876   0.193223   0.313319
      0.25   0.827876   0.193223   0.313319
      0.26   0.827876   0.193223   0.313319
      0.27   0.827876   0.193223   0.313319
      0.28   0.827876   0.193223   0.313319
      0.29   0.827876   0.193223   0.313319
       0.3   0.827876   0.193223   0.313319
      0.31   0.827876   0.193223   0.313319
      0.32   0.827876   0.193223   0.313319
      0.33   0.827876   0.193223   0.313319
      0.34   0.827876   0.193223   0.313319
      0.35   0.827876   0.193223   0.313319
      0.36   0.827876   0.193223   0.313319
      0.37   0.827876   0.193223   0.313319
      0.38   0.827876   0.193223   0.313319
      0.39   0.827876   0.193223   0.313319
       0.4   0.827876   0.193223   0.313319
      0.41   0.827876   0.193223   0.313319
      0.42   0.827876   0.193223   0.313319
      0.43   0.827876   0.193223   0.313319
      0.44   0.827876   0.193223   0.313319
      0.45   0.827876   0.193223   0.313319
      0.46   0.827876   0.193223   0.313319
      0.47   0.827876   0.193223   0.313319
      0.48   0.827876   0.193223   0.313319
      0.49   0.827876   0.193223   0.313319
       0.5   0.827876   0.193223   0.313319
      0.51   0.827876   0.193223   0.313319
      0.52   0.827876   0.193223   0.313319
      0.53   0.827876   0.193223   0.313319
      0.54   0.827876   0.193223   0.313319
      0.55   0.827876   0.193223   0.313319
      0.56   0.827876   0.193223   0.313319
      0.57   0.827876   0.193223   0.313319
      0.58   0.827876   0.193223   0.313319
      0.59   0.827876   0.193223   0.313319
       0.6   0.827876   0.193223   0.313319
      0.61   0.827876   0.193223   0.313319
      0.62   0.827876   0.193223   0.313319
      0.63   0.827876   0.193223   0.313319
      0.64   0.827876   0.193223   0.313319
      0.65   0.827876   0.193223   0.313319
      0.66   0.827876   0.193223   0.313319
      0.67   0.827876   0.193223   0.313319
      0.68   0.827876   0.193223   0.313319
      0.69   0.827876   0.193223   0.313319
       0.7   0.827876   0.193223   0.313319
      0.71   0.827876   0.193223   0.313319
      0.72   0.827876   0.193223   0.313319
      0.73   0.827876   0.193223   0.313319
      0.74   0.827876   0.193223   0.313319
      0.75   0.827876   0.193223   0.313319
      0.76   0.827876   0.193223   0.313319
      0.77   0.827876   0.193223   0.313319
      0.78   0.827876   0.193223   0.313319
      0.79   0.827876   0.193223   0.313319
       0.8   0.827876   0.193223   0.313319
      0.81   0.827876   0.193223   0.313319
      0.82   0.827876   0.193223   0.313319
      0.83   0.827876   0.193223   0.313319
      0.84   0.827876   0.193223   0.313319
      0.85   0.827876   0.193223   0.313319
      0.86   0.827876   0.193223   0.313319
      0.87   0.827876   0.193223   0.313319
      0.88   0.827876   0.193223   0.313319
      0.89   0.827876   0.193223   0.313319
       0.9   0.827876   0.193223   0.313319
      0.91   0.827876   0.193223   0.313319
      0.92   0.827876   0.193223   0.313319
      0.93   0.827876   0.193223   0.313319
      0.94   0.827876   0.193223   0.313319
      0.95   0.827876   0.193223   0.313319
      0.96   0.827876   0.193223   0.313319
      0.97   0.827876   0.193223   0.313319
      0.98   0.827876   0.193223   0.313319
      0.99   0.827876   0.193223   0.313319
