         0          1   0.331079    0.49746
      0.01   0.941979   0.292419   0.446294
      0.02   0.941979   0.292419   0.446294
      0.03   0.941979   0.292419   0.446294
      0.04   0.941979   0.292419   0.446294
      0.05   0.941979   0.292419   0.446294
      0.06   0.941979   0.292419   0.446294
      0.07   0.941979   0.292419   0.446294
      0.08   0.941979   0.292419   0.446294
      0.09   0.941979   0.292419   0.446294
       0.1   0.941979   0.292419   0.446294
      0.11   0.941979   0.292419   0.446294
      0.12   0.941979   0.292419   0.446294
      0.13   0.941979   0.292419   0.446294
      0.14   0.941979   0.292419   0.446294
      0.15   0.941979   0.292419   0.446294
      0.16   0.941979   0.292419   0.446294
      0.17   0.941979   0.292419   0.446294
      0.18   0.941979   0.292419   0.446294
      0.19   0.941979   0.292419   0.446294
       0.2   0.941979   0.292419   0.446294
      0.21   0.941979   0.292419   0.446294
      0.22   0.941979   0.292419   0.446294
      0.23   0.941979   0.292419   0.446294
      0.24   0.941979   0.292419   0.446294
      0.25   0.941979   0.292419   0.446294
      0.26   0.941979   0.292419   0.446294
      0.27   0.941979   0.292419   0.446294
      0.28   0.941979   0.292419   0.446294
      0.29   0.941979   0.292419   0.446294
       0.3   0.941979   0.292419   0.446294
      0.31   0.941979   0.292419   0.446294
      0.32   0.941979   0.292419   0.446294
      0.33   0.941979   0.292419   0.446294
      0.34   0.941979   0.292419   0.446294
      0.35   0.941979   0.292419   0.446294
      0.36   0.941979   0.292419   0.446294
      0.37   0.941979   0.292419   0.446294
      0.38   0.941979   0.292419   0.446294
      0.39   0.941979   0.292419   0.446294
       0.4   0.941979   0.292419   0.446294
      0.41   0.941979   0.292419   0.446294
      0.42   0.941979   0.292419   0.446294
      0.43   0.941979   0.292419   0.446294
      0.44   0.941979   0.292419   0.446294
      0.45   0.941979   0.292419   0.446294
      0.46   0.941979   0.292419   0.446294
      0.47   0.941979   0.292419   0.446294
      0.48   0.941979   0.292419   0.446294
      0.49   0.941979   0.292419   0.446294
       0.5   0.941979   0.292419   0.446294
      0.51   0.941979   0.292419   0.446294
      0.52   0.941979   0.292419   0.446294
      0.53   0.941979   0.292419   0.446294
      0.54   0.941979   0.292419   0.446294
      0.55   0.941979   0.292419   0.446294
      0.56   0.941979   0.292419   0.446294
      0.57   0.941979   0.292419   0.446294
      0.58   0.941979   0.292419   0.446294
      0.59   0.941979   0.292419   0.446294
       0.6   0.941979   0.292419   0.446294
      0.61   0.941979   0.292419   0.446294
      0.62   0.941979   0.292419   0.446294
      0.63   0.941979   0.292419   0.446294
      0.64   0.941979   0.292419   0.446294
      0.65   0.941979   0.292419   0.446294
      0.66   0.941979   0.292419   0.446294
      0.67   0.941979   0.292419   0.446294
      0.68   0.941979   0.292419   0.446294
      0.69   0.941979   0.292419   0.446294
       0.7   0.941979   0.292419   0.446294
      0.71   0.941979   0.292419   0.446294
      0.72   0.941979   0.292419   0.446294
      0.73   0.941979   0.292419   0.446294
      0.74   0.941979   0.292419   0.446294
      0.75   0.941979   0.292419   0.446294
      0.76   0.941979   0.292419   0.446294
      0.77   0.941979   0.292419   0.446294
      0.78   0.941979   0.292419   0.446294
      0.79   0.941979   0.292419   0.446294
       0.8   0.941979   0.292419   0.446294
      0.81   0.941979   0.292419   0.446294
      0.82   0.941979   0.292419   0.446294
      0.83   0.941979   0.292419   0.446294
      0.84   0.941979   0.292419   0.446294
      0.85   0.941979   0.292419   0.446294
      0.86   0.941979   0.292419   0.446294
      0.87   0.941979   0.292419   0.446294
      0.88   0.941979   0.292419   0.446294
      0.89   0.941979   0.292419   0.446294
       0.9   0.941979   0.292419   0.446294
      0.91   0.941979   0.292419   0.446294
      0.92   0.941979   0.292419   0.446294
      0.93   0.941979   0.292419   0.446294
      0.94   0.941979   0.292419   0.446294
      0.95   0.941979   0.292419   0.446294
      0.96   0.941979   0.292419   0.446294
      0.97   0.941979   0.292419   0.446294
      0.98   0.941979   0.292419   0.446294
      0.99   0.941979   0.292419   0.446294
