         0          1   0.339259   0.506637
      0.01   0.992269   0.575642   0.728602
      0.02   0.992269   0.575642   0.728602
      0.03   0.992269   0.575642   0.728602
      0.04   0.992269   0.575642   0.728602
      0.05   0.992269   0.575642   0.728602
      0.06   0.992269   0.575642   0.728602
      0.07   0.992269   0.575642   0.728602
      0.08   0.992269   0.575642   0.728602
      0.09   0.992269   0.575642   0.728602
       0.1   0.992269   0.575642   0.728602
      0.11   0.992269   0.575642   0.728602
      0.12   0.992269   0.575642   0.728602
      0.13   0.992269   0.575642   0.728602
      0.14   0.992269   0.575642   0.728602
      0.15   0.992269   0.575642   0.728602
      0.16   0.992269   0.575642   0.728602
      0.17   0.992269   0.575642   0.728602
      0.18   0.992269   0.575642   0.728602
      0.19   0.992269   0.575642   0.728602
       0.2   0.992269   0.575642   0.728602
      0.21   0.992269   0.575642   0.728602
      0.22   0.992269   0.575642   0.728602
      0.23   0.992269   0.575642   0.728602
      0.24   0.992269   0.575642   0.728602
      0.25   0.992269   0.575642   0.728602
      0.26   0.992269   0.575642   0.728602
      0.27   0.992269   0.575642   0.728602
      0.28   0.992269   0.575642   0.728602
      0.29   0.992269   0.575642   0.728602
       0.3   0.992269   0.575642   0.728602
      0.31   0.992269   0.575642   0.728602
      0.32   0.992269   0.575642   0.728602
      0.33   0.992269   0.575642   0.728602
      0.34   0.992269   0.575642   0.728602
      0.35   0.992269   0.575642   0.728602
      0.36   0.992269   0.575642   0.728602
      0.37   0.992269   0.575642   0.728602
      0.38   0.992269   0.575642   0.728602
      0.39   0.992269   0.575642   0.728602
       0.4   0.992269   0.575642   0.728602
      0.41   0.992269   0.575642   0.728602
      0.42   0.992269   0.575642   0.728602
      0.43   0.992269   0.575642   0.728602
      0.44   0.992269   0.575642   0.728602
      0.45   0.992269   0.575642   0.728602
      0.46   0.992269   0.575642   0.728602
      0.47   0.992269   0.575642   0.728602
      0.48   0.992269   0.575642   0.728602
      0.49   0.992269   0.575642   0.728602
       0.5   0.992269   0.575642   0.728602
      0.51   0.992269   0.575642   0.728602
      0.52   0.992269   0.575642   0.728602
      0.53   0.992269   0.575642   0.728602
      0.54   0.992269   0.575642   0.728602
      0.55   0.992269   0.575642   0.728602
      0.56   0.992269   0.575642   0.728602
      0.57   0.992269   0.575642   0.728602
      0.58   0.992269   0.575642   0.728602
      0.59   0.992269   0.575642   0.728602
       0.6   0.992269   0.575642   0.728602
      0.61   0.992269   0.575642   0.728602
      0.62   0.992269   0.575642   0.728602
      0.63   0.992269   0.575642   0.728602
      0.64   0.992269   0.575642   0.728602
      0.65   0.992269   0.575642   0.728602
      0.66   0.992269   0.575642   0.728602
      0.67   0.992269   0.575642   0.728602
      0.68   0.992269   0.575642   0.728602
      0.69   0.992269   0.575642   0.728602
       0.7   0.992269   0.575642   0.728602
      0.71   0.992269   0.575642   0.728602
      0.72   0.992269   0.575642   0.728602
      0.73   0.992269   0.575642   0.728602
      0.74   0.992269   0.575642   0.728602
      0.75   0.992269   0.575642   0.728602
      0.76   0.992269   0.575642   0.728602
      0.77   0.992269   0.575642   0.728602
      0.78   0.992269   0.575642   0.728602
      0.79   0.992269   0.575642   0.728602
       0.8   0.992269   0.575642   0.728602
      0.81   0.992269   0.575642   0.728602
      0.82   0.992269   0.575642   0.728602
      0.83   0.992269   0.575642   0.728602
      0.84   0.992269   0.575642   0.728602
      0.85   0.992269   0.575642   0.728602
      0.86   0.992269   0.575642   0.728602
      0.87   0.992269   0.575642   0.728602
      0.88   0.992269   0.575642   0.728602
      0.89   0.992269   0.575642   0.728602
       0.9   0.992269   0.575642   0.728602
      0.91   0.992269   0.575642   0.728602
      0.92   0.992269   0.575642   0.728602
      0.93   0.992269   0.575642   0.728602
      0.94   0.992269   0.575642   0.728602
      0.95   0.992269   0.575642   0.728602
      0.96   0.992269   0.575642   0.728602
      0.97   0.992269   0.575642   0.728602
      0.98   0.992269   0.575642   0.728602
      0.99   0.992269   0.575642   0.728602
