         0          1   0.171113   0.292223
      0.01   0.974852   0.142244   0.248263
      0.02   0.974852   0.142244   0.248263
      0.03   0.974852   0.142244   0.248263
      0.04   0.974852   0.142244   0.248263
      0.05   0.974852   0.142244   0.248263
      0.06   0.974852   0.142244   0.248263
      0.07   0.974852   0.142244   0.248263
      0.08   0.974852   0.142244   0.248263
      0.09   0.974852   0.142244   0.248263
       0.1   0.974852   0.142244   0.248263
      0.11   0.974852   0.142244   0.248263
      0.12   0.974852   0.142244   0.248263
      0.13   0.974852   0.142244   0.248263
      0.14   0.974852   0.142244   0.248263
      0.15   0.974852   0.142244   0.248263
      0.16   0.974852   0.142244   0.248263
      0.17   0.974852   0.142244   0.248263
      0.18   0.974852   0.142244   0.248263
      0.19   0.974852   0.142244   0.248263
       0.2   0.974852   0.142244   0.248263
      0.21   0.974852   0.142244   0.248263
      0.22   0.974852   0.142244   0.248263
      0.23   0.974852   0.142244   0.248263
      0.24   0.974852   0.142244   0.248263
      0.25   0.974852   0.142244   0.248263
      0.26   0.974852   0.142244   0.248263
      0.27   0.974852   0.142244   0.248263
      0.28   0.974852   0.142244   0.248263
      0.29   0.974852   0.142244   0.248263
       0.3   0.974852   0.142244   0.248263
      0.31   0.974852   0.142244   0.248263
      0.32   0.974852   0.142244   0.248263
      0.33   0.974852   0.142244   0.248263
      0.34   0.974852   0.142244   0.248263
      0.35   0.974852   0.142244   0.248263
      0.36   0.974852   0.142244   0.248263
      0.37   0.974852   0.142244   0.248263
      0.38   0.974852   0.142244   0.248263
      0.39   0.974852   0.142244   0.248263
       0.4   0.974852   0.142244   0.248263
      0.41   0.974852   0.142244   0.248263
      0.42   0.974852   0.142244   0.248263
      0.43   0.974852   0.142244   0.248263
      0.44   0.974852   0.142244   0.248263
      0.45   0.974852   0.142244   0.248263
      0.46   0.974852   0.142244   0.248263
      0.47   0.974852   0.142244   0.248263
      0.48   0.974852   0.142244   0.248263
      0.49   0.974852   0.142244   0.248263
       0.5   0.974852   0.142244   0.248263
      0.51   0.974852   0.142244   0.248263
      0.52   0.974852   0.142244   0.248263
      0.53   0.974852   0.142244   0.248263
      0.54   0.974852   0.142244   0.248263
      0.55   0.974852   0.142244   0.248263
      0.56   0.974852   0.142244   0.248263
      0.57   0.974852   0.142244   0.248263
      0.58   0.974852   0.142244   0.248263
      0.59   0.974852   0.142244   0.248263
       0.6   0.974852   0.142244   0.248263
      0.61   0.974852   0.142244   0.248263
      0.62   0.974852   0.142244   0.248263
      0.63   0.974852   0.142244   0.248263
      0.64   0.974852   0.142244   0.248263
      0.65   0.974852   0.142244   0.248263
      0.66   0.974852   0.142244   0.248263
      0.67   0.974852   0.142244   0.248263
      0.68   0.974852   0.142244   0.248263
      0.69   0.974852   0.142244   0.248263
       0.7   0.974852   0.142244   0.248263
      0.71   0.974852   0.142244   0.248263
      0.72   0.974852   0.142244   0.248263
      0.73   0.974852   0.142244   0.248263
      0.74   0.974852   0.142244   0.248263
      0.75   0.974852   0.142244   0.248263
      0.76   0.974852   0.142244   0.248263
      0.77   0.974852   0.142244   0.248263
      0.78   0.974852   0.142244   0.248263
      0.79   0.974852   0.142244   0.248263
       0.8   0.974852   0.142244   0.248263
      0.81   0.974852   0.142244   0.248263
      0.82   0.974852   0.142244   0.248263
      0.83   0.974852   0.142244   0.248263
      0.84   0.974852   0.142244   0.248263
      0.85   0.974852   0.142244   0.248263
      0.86   0.974852   0.142244   0.248263
      0.87   0.974852   0.142244   0.248263
      0.88   0.974852   0.142244   0.248263
      0.89   0.974852   0.142244   0.248263
       0.9   0.974852   0.142244   0.248263
      0.91   0.974852   0.142244   0.248263
      0.92   0.974852   0.142244   0.248263
      0.93   0.974852   0.142244   0.248263
      0.94   0.974852   0.142244   0.248263
      0.95   0.974852   0.142244   0.248263
      0.96   0.974852   0.142244   0.248263
      0.97   0.974852   0.142244   0.248263
      0.98   0.974852   0.142244   0.248263
      0.99   0.974852   0.142244   0.248263
