         0          1   0.391539   0.562742
      0.01   0.921187   0.483161   0.633862
      0.02   0.921187   0.483161   0.633862
      0.03   0.921187   0.483161   0.633862
      0.04   0.921187   0.483161   0.633862
      0.05   0.921187   0.483161   0.633862
      0.06   0.921187   0.483161   0.633862
      0.07   0.921187   0.483161   0.633862
      0.08   0.921187   0.483161   0.633862
      0.09   0.921187   0.483161   0.633862
       0.1   0.921187   0.483161   0.633862
      0.11   0.921187   0.483161   0.633862
      0.12   0.921187   0.483161   0.633862
      0.13   0.921187   0.483161   0.633862
      0.14   0.921187   0.483161   0.633862
      0.15   0.921187   0.483161   0.633862
      0.16   0.921187   0.483161   0.633862
      0.17   0.921187   0.483161   0.633862
      0.18   0.921187   0.483161   0.633862
      0.19   0.921187   0.483161   0.633862
       0.2   0.921187   0.483161   0.633862
      0.21   0.921187   0.483161   0.633862
      0.22   0.921187   0.483161   0.633862
      0.23   0.921187   0.483161   0.633862
      0.24   0.921187   0.483161   0.633862
      0.25   0.921187   0.483161   0.633862
      0.26   0.921187   0.483161   0.633862
      0.27   0.921187   0.483161   0.633862
      0.28   0.921187   0.483161   0.633862
      0.29   0.921187   0.483161   0.633862
       0.3   0.921187   0.483161   0.633862
      0.31   0.921187   0.483161   0.633862
      0.32   0.921187   0.483161   0.633862
      0.33   0.921187   0.483161   0.633862
      0.34   0.921187   0.483161   0.633862
      0.35   0.921187   0.483161   0.633862
      0.36   0.921187   0.483161   0.633862
      0.37   0.921187   0.483161   0.633862
      0.38   0.921187   0.483161   0.633862
      0.39   0.921187   0.483161   0.633862
       0.4   0.921187   0.483161   0.633862
      0.41   0.921187   0.483161   0.633862
      0.42   0.921187   0.483161   0.633862
      0.43   0.921187   0.483161   0.633862
      0.44   0.921187   0.483161   0.633862
      0.45   0.921187   0.483161   0.633862
      0.46   0.921187   0.483161   0.633862
      0.47   0.921187   0.483161   0.633862
      0.48   0.921187   0.483161   0.633862
      0.49   0.921187   0.483161   0.633862
       0.5   0.921187   0.483161   0.633862
      0.51   0.921187   0.483161   0.633862
      0.52   0.921187   0.483161   0.633862
      0.53   0.921187   0.483161   0.633862
      0.54   0.921187   0.483161   0.633862
      0.55   0.921187   0.483161   0.633862
      0.56   0.921187   0.483161   0.633862
      0.57   0.921187   0.483161   0.633862
      0.58   0.921187   0.483161   0.633862
      0.59   0.921187   0.483161   0.633862
       0.6   0.921187   0.483161   0.633862
      0.61   0.921187   0.483161   0.633862
      0.62   0.921187   0.483161   0.633862
      0.63   0.921187   0.483161   0.633862
      0.64   0.921187   0.483161   0.633862
      0.65   0.921187   0.483161   0.633862
      0.66   0.921187   0.483161   0.633862
      0.67   0.921187   0.483161   0.633862
      0.68   0.921187   0.483161   0.633862
      0.69   0.921187   0.483161   0.633862
       0.7   0.921187   0.483161   0.633862
      0.71   0.921187   0.483161   0.633862
      0.72   0.921187   0.483161   0.633862
      0.73   0.921187   0.483161   0.633862
      0.74   0.921187   0.483161   0.633862
      0.75   0.921187   0.483161   0.633862
      0.76   0.921187   0.483161   0.633862
      0.77   0.921187   0.483161   0.633862
      0.78   0.921187   0.483161   0.633862
      0.79   0.921187   0.483161   0.633862
       0.8   0.921187   0.483161   0.633862
      0.81   0.921187   0.483161   0.633862
      0.82   0.921187   0.483161   0.633862
      0.83   0.921187   0.483161   0.633862
      0.84   0.921187   0.483161   0.633862
      0.85   0.921187   0.483161   0.633862
      0.86   0.921187   0.483161   0.633862
      0.87   0.921187   0.483161   0.633862
      0.88   0.921187   0.483161   0.633862
      0.89   0.921187   0.483161   0.633862
       0.9   0.921187   0.483161   0.633862
      0.91   0.921187   0.483161   0.633862
      0.92   0.921187   0.483161   0.633862
      0.93   0.921187   0.483161   0.633862
      0.94   0.921187   0.483161   0.633862
      0.95   0.921187   0.483161   0.633862
      0.96   0.921187   0.483161   0.633862
      0.97   0.921187   0.483161   0.633862
      0.98   0.921187   0.483161   0.633862
      0.99   0.921187   0.483161   0.633862
