         0          1   0.176767   0.300428
      0.01   0.985632   0.247541   0.395702
      0.02   0.985632   0.247541   0.395702
      0.03   0.985632   0.247541   0.395702
      0.04   0.985632   0.247541   0.395702
      0.05   0.985632   0.247541   0.395702
      0.06   0.985632   0.247541   0.395702
      0.07   0.985632   0.247541   0.395702
      0.08   0.985632   0.247541   0.395702
      0.09   0.985632   0.247541   0.395702
       0.1   0.985632   0.247541   0.395702
      0.11   0.985632   0.247541   0.395702
      0.12   0.985632   0.247541   0.395702
      0.13   0.985632   0.247541   0.395702
      0.14   0.985632   0.247541   0.395702
      0.15   0.985632   0.247541   0.395702
      0.16   0.985632   0.247541   0.395702
      0.17   0.985632   0.247541   0.395702
      0.18   0.985632   0.247541   0.395702
      0.19   0.985632   0.247541   0.395702
       0.2   0.985632   0.247541   0.395702
      0.21   0.985632   0.247541   0.395702
      0.22   0.985632   0.247541   0.395702
      0.23   0.985632   0.247541   0.395702
      0.24   0.985632   0.247541   0.395702
      0.25   0.985632   0.247541   0.395702
      0.26   0.985632   0.247541   0.395702
      0.27   0.985632   0.247541   0.395702
      0.28   0.985632   0.247541   0.395702
      0.29   0.985632   0.247541   0.395702
       0.3   0.985632   0.247541   0.395702
      0.31   0.985632   0.247541   0.395702
      0.32   0.985632   0.247541   0.395702
      0.33   0.985632   0.247541   0.395702
      0.34   0.985632   0.247541   0.395702
      0.35   0.985632   0.247541   0.395702
      0.36   0.985632   0.247541   0.395702
      0.37   0.985632   0.247541   0.395702
      0.38   0.985632   0.247541   0.395702
      0.39   0.985632   0.247541   0.395702
       0.4   0.985632   0.247541   0.395702
      0.41   0.985632   0.247541   0.395702
      0.42   0.985632   0.247541   0.395702
      0.43   0.985632   0.247541   0.395702
      0.44   0.985632   0.247541   0.395702
      0.45   0.985632   0.247541   0.395702
      0.46   0.985632   0.247541   0.395702
      0.47   0.985632   0.247541   0.395702
      0.48   0.985632   0.247541   0.395702
      0.49   0.985632   0.247541   0.395702
       0.5   0.985632   0.247541   0.395702
      0.51   0.985632   0.247541   0.395702
      0.52   0.985632   0.247541   0.395702
      0.53   0.985632   0.247541   0.395702
      0.54   0.985632   0.247541   0.395702
      0.55   0.985632   0.247541   0.395702
      0.56   0.985632   0.247541   0.395702
      0.57   0.985632   0.247541   0.395702
      0.58   0.985632   0.247541   0.395702
      0.59   0.985632   0.247541   0.395702
       0.6   0.985632   0.247541   0.395702
      0.61   0.985632   0.247541   0.395702
      0.62   0.985632   0.247541   0.395702
      0.63   0.985632   0.247541   0.395702
      0.64   0.985632   0.247541   0.395702
      0.65   0.985632   0.247541   0.395702
      0.66   0.985632   0.247541   0.395702
      0.67   0.985632   0.247541   0.395702
      0.68   0.985632   0.247541   0.395702
      0.69   0.985632   0.247541   0.395702
       0.7   0.985632   0.247541   0.395702
      0.71   0.985632   0.247541   0.395702
      0.72   0.985632   0.247541   0.395702
      0.73   0.985632   0.247541   0.395702
      0.74   0.985632   0.247541   0.395702
      0.75   0.985632   0.247541   0.395702
      0.76   0.985632   0.247541   0.395702
      0.77   0.985632   0.247541   0.395702
      0.78   0.985632   0.247541   0.395702
      0.79   0.985632   0.247541   0.395702
       0.8   0.985632   0.247541   0.395702
      0.81   0.985632   0.247541   0.395702
      0.82   0.985632   0.247541   0.395702
      0.83   0.985632   0.247541   0.395702
      0.84   0.985632   0.247541   0.395702
      0.85   0.985632   0.247541   0.395702
      0.86   0.985632   0.247541   0.395702
      0.87   0.985632   0.247541   0.395702
      0.88   0.985632   0.247541   0.395702
      0.89   0.985632   0.247541   0.395702
       0.9   0.985632   0.247541   0.395702
      0.91   0.985632   0.247541   0.395702
      0.92   0.985632   0.247541   0.395702
      0.93   0.985632   0.247541   0.395702
      0.94   0.985632   0.247541   0.395702
      0.95   0.985632   0.247541   0.395702
      0.96   0.985632   0.247541   0.395702
      0.97   0.985632   0.247541   0.395702
      0.98   0.985632   0.247541   0.395702
      0.99   0.985632   0.247541   0.395702
