         0          1   0.319512   0.484288
      0.01   0.944299   0.300226     0.4556
      0.02   0.944299   0.300226     0.4556
      0.03   0.944299   0.300226     0.4556
      0.04   0.944299   0.300226     0.4556
      0.05   0.944299   0.300226     0.4556
      0.06   0.944299   0.300226     0.4556
      0.07   0.944299   0.300226     0.4556
      0.08   0.944299   0.300226     0.4556
      0.09   0.944299   0.300226     0.4556
       0.1   0.944299   0.300226     0.4556
      0.11   0.944299   0.300226     0.4556
      0.12   0.944299   0.300226     0.4556
      0.13   0.944299   0.300226     0.4556
      0.14   0.944299   0.300226     0.4556
      0.15   0.944299   0.300226     0.4556
      0.16   0.944299   0.300226     0.4556
      0.17   0.944299   0.300226     0.4556
      0.18   0.944299   0.300226     0.4556
      0.19   0.944299   0.300226     0.4556
       0.2   0.944299   0.300226     0.4556
      0.21   0.944299   0.300226     0.4556
      0.22   0.944299   0.300226     0.4556
      0.23   0.944299   0.300226     0.4556
      0.24   0.944299   0.300226     0.4556
      0.25   0.944299   0.300226     0.4556
      0.26   0.944299   0.300226     0.4556
      0.27   0.944299   0.300226     0.4556
      0.28   0.944299   0.300226     0.4556
      0.29   0.944299   0.300226     0.4556
       0.3   0.944299   0.300226     0.4556
      0.31   0.944299   0.300226     0.4556
      0.32   0.944299   0.300226     0.4556
      0.33   0.944299   0.300226     0.4556
      0.34   0.944299   0.300226     0.4556
      0.35   0.944299   0.300226     0.4556
      0.36   0.944299   0.300226     0.4556
      0.37   0.944299   0.300226     0.4556
      0.38   0.944299   0.300226     0.4556
      0.39   0.944299   0.300226     0.4556
       0.4   0.944299   0.300226     0.4556
      0.41   0.944299   0.300226     0.4556
      0.42   0.944299   0.300226     0.4556
      0.43   0.944299   0.300226     0.4556
      0.44   0.944299   0.300226     0.4556
      0.45   0.944299   0.300226     0.4556
      0.46   0.944299   0.300226     0.4556
      0.47   0.944299   0.300226     0.4556
      0.48   0.944299   0.300226     0.4556
      0.49   0.944299   0.300226     0.4556
       0.5   0.944299   0.300226     0.4556
      0.51   0.944299   0.300226     0.4556
      0.52   0.944299   0.300226     0.4556
      0.53   0.944299   0.300226     0.4556
      0.54   0.944299   0.300226     0.4556
      0.55   0.944299   0.300226     0.4556
      0.56   0.944299   0.300226     0.4556
      0.57   0.944299   0.300226     0.4556
      0.58   0.944299   0.300226     0.4556
      0.59   0.944299   0.300226     0.4556
       0.6   0.944299   0.300226     0.4556
      0.61   0.944299   0.300226     0.4556
      0.62   0.944299   0.300226     0.4556
      0.63   0.944299   0.300226     0.4556
      0.64   0.944299   0.300226     0.4556
      0.65   0.944299   0.300226     0.4556
      0.66   0.944299   0.300226     0.4556
      0.67   0.944299   0.300226     0.4556
      0.68   0.944299   0.300226     0.4556
      0.69   0.944299   0.300226     0.4556
       0.7   0.944299   0.300226     0.4556
      0.71   0.944299   0.300226     0.4556
      0.72   0.944299   0.300226     0.4556
      0.73   0.944299   0.300226     0.4556
      0.74   0.944299   0.300226     0.4556
      0.75   0.944299   0.300226     0.4556
      0.76   0.944299   0.300226     0.4556
      0.77   0.944299   0.300226     0.4556
      0.78   0.944299   0.300226     0.4556
      0.79   0.944299   0.300226     0.4556
       0.8   0.944299   0.300226     0.4556
      0.81   0.944299   0.300226     0.4556
      0.82   0.944299   0.300226     0.4556
      0.83   0.944299   0.300226     0.4556
      0.84   0.944299   0.300226     0.4556
      0.85   0.944299   0.300226     0.4556
      0.86   0.944299   0.300226     0.4556
      0.87   0.944299   0.300226     0.4556
      0.88   0.944299   0.300226     0.4556
      0.89   0.944299   0.300226     0.4556
       0.9   0.944299   0.300226     0.4556
      0.91   0.944299   0.300226     0.4556
      0.92   0.944299   0.300226     0.4556
      0.93   0.944299   0.300226     0.4556
      0.94   0.944299   0.300226     0.4556
      0.95   0.944299   0.300226     0.4556
      0.96   0.944299   0.300226     0.4556
      0.97   0.944299   0.300226     0.4556
      0.98   0.944299   0.300226     0.4556
      0.99   0.944299   0.300226     0.4556
