         0          1   0.108911   0.196429
      0.01   0.998391   0.163926   0.281614
      0.02   0.998391   0.163926   0.281614
      0.03   0.998391   0.163926   0.281614
      0.04   0.998391   0.163926   0.281614
      0.05   0.998391   0.163926   0.281614
      0.06   0.998391   0.163926   0.281614
      0.07   0.998391   0.163926   0.281614
      0.08   0.998391   0.163926   0.281614
      0.09   0.998391   0.163926   0.281614
       0.1   0.998391   0.163926   0.281614
      0.11   0.998391   0.163926   0.281614
      0.12   0.998391   0.163926   0.281614
      0.13   0.998391   0.163926   0.281614
      0.14   0.998391   0.163926   0.281614
      0.15   0.998391   0.163926   0.281614
      0.16   0.998391   0.163926   0.281614
      0.17   0.998391   0.163926   0.281614
      0.18   0.998391   0.163926   0.281614
      0.19   0.998391   0.163926   0.281614
       0.2   0.998391   0.163926   0.281614
      0.21   0.998391   0.163926   0.281614
      0.22   0.998391   0.163926   0.281614
      0.23   0.998391   0.163926   0.281614
      0.24   0.998391   0.163926   0.281614
      0.25   0.998391   0.163926   0.281614
      0.26   0.998391   0.163926   0.281614
      0.27   0.998391   0.163926   0.281614
      0.28   0.998391   0.163926   0.281614
      0.29   0.998391   0.163926   0.281614
       0.3   0.998391   0.163926   0.281614
      0.31   0.998391   0.163926   0.281614
      0.32   0.998391   0.163926   0.281614
      0.33   0.998391   0.163926   0.281614
      0.34   0.998391   0.163926   0.281614
      0.35   0.998391   0.163926   0.281614
      0.36   0.998391   0.163926   0.281614
      0.37   0.998391   0.163926   0.281614
      0.38   0.998391   0.163926   0.281614
      0.39   0.998391   0.163926   0.281614
       0.4   0.998391   0.163926   0.281614
      0.41   0.998391   0.163926   0.281614
      0.42   0.998391   0.163926   0.281614
      0.43   0.998391   0.163926   0.281614
      0.44   0.998391   0.163926   0.281614
      0.45   0.998391   0.163926   0.281614
      0.46   0.998391   0.163926   0.281614
      0.47   0.998391   0.163926   0.281614
      0.48   0.998391   0.163926   0.281614
      0.49   0.998391   0.163926   0.281614
       0.5   0.998391   0.163926   0.281614
      0.51   0.998391   0.163926   0.281614
      0.52   0.998391   0.163926   0.281614
      0.53   0.998391   0.163926   0.281614
      0.54   0.998391   0.163926   0.281614
      0.55   0.998391   0.163926   0.281614
      0.56   0.998391   0.163926   0.281614
      0.57   0.998391   0.163926   0.281614
      0.58   0.998391   0.163926   0.281614
      0.59   0.998391   0.163926   0.281614
       0.6   0.998391   0.163926   0.281614
      0.61   0.998391   0.163926   0.281614
      0.62   0.998391   0.163926   0.281614
      0.63   0.998391   0.163926   0.281614
      0.64   0.998391   0.163926   0.281614
      0.65   0.998391   0.163926   0.281614
      0.66   0.998391   0.163926   0.281614
      0.67   0.998391   0.163926   0.281614
      0.68   0.998391   0.163926   0.281614
      0.69   0.998391   0.163926   0.281614
       0.7   0.998391   0.163926   0.281614
      0.71   0.998391   0.163926   0.281614
      0.72   0.998391   0.163926   0.281614
      0.73   0.998391   0.163926   0.281614
      0.74   0.998391   0.163926   0.281614
      0.75   0.998391   0.163926   0.281614
      0.76   0.998391   0.163926   0.281614
      0.77   0.998391   0.163926   0.281614
      0.78   0.998391   0.163926   0.281614
      0.79   0.998391   0.163926   0.281614
       0.8   0.998391   0.163926   0.281614
      0.81   0.998391   0.163926   0.281614
      0.82   0.998391   0.163926   0.281614
      0.83   0.998391   0.163926   0.281614
      0.84   0.998391   0.163926   0.281614
      0.85   0.998391   0.163926   0.281614
      0.86   0.998391   0.163926   0.281614
      0.87   0.998391   0.163926   0.281614
      0.88   0.998391   0.163926   0.281614
      0.89   0.998391   0.163926   0.281614
       0.9   0.998391   0.163926   0.281614
      0.91   0.998391   0.163926   0.281614
      0.92   0.998391   0.163926   0.281614
      0.93   0.998391   0.163926   0.281614
      0.94   0.998391   0.163926   0.281614
      0.95   0.998391   0.163926   0.281614
      0.96   0.998391   0.163926   0.281614
      0.97   0.998391   0.163926   0.281614
      0.98   0.998391   0.163926   0.281614
      0.99   0.998391   0.163926   0.281614
