         0          1   0.363236   0.532903
      0.01   0.982606   0.349159   0.515235
      0.02   0.982606   0.349159   0.515235
      0.03   0.982606   0.349159   0.515235
      0.04   0.982606   0.349159   0.515235
      0.05   0.982606   0.349159   0.515235
      0.06   0.982606   0.349159   0.515235
      0.07   0.982606   0.349159   0.515235
      0.08   0.982606   0.349159   0.515235
      0.09   0.982606   0.349159   0.515235
       0.1   0.982606   0.349159   0.515235
      0.11   0.982606   0.349159   0.515235
      0.12   0.982606   0.349159   0.515235
      0.13   0.982606   0.349159   0.515235
      0.14   0.982606   0.349159   0.515235
      0.15   0.982606   0.349159   0.515235
      0.16   0.982606   0.349159   0.515235
      0.17   0.982606   0.349159   0.515235
      0.18   0.982606   0.349159   0.515235
      0.19   0.982606   0.349159   0.515235
       0.2   0.982606   0.349159   0.515235
      0.21   0.982606   0.349159   0.515235
      0.22   0.982606   0.349159   0.515235
      0.23   0.982606   0.349159   0.515235
      0.24   0.982606   0.349159   0.515235
      0.25   0.982606   0.349159   0.515235
      0.26   0.982606   0.349159   0.515235
      0.27   0.982606   0.349159   0.515235
      0.28   0.982606   0.349159   0.515235
      0.29   0.982606   0.349159   0.515235
       0.3   0.982606   0.349159   0.515235
      0.31   0.982606   0.349159   0.515235
      0.32   0.982606   0.349159   0.515235
      0.33   0.982606   0.349159   0.515235
      0.34   0.982606   0.349159   0.515235
      0.35   0.982606   0.349159   0.515235
      0.36   0.982606   0.349159   0.515235
      0.37   0.982606   0.349159   0.515235
      0.38   0.982606   0.349159   0.515235
      0.39   0.982606   0.349159   0.515235
       0.4   0.982606   0.349159   0.515235
      0.41   0.982606   0.349159   0.515235
      0.42   0.982606   0.349159   0.515235
      0.43   0.982606   0.349159   0.515235
      0.44   0.982606   0.349159   0.515235
      0.45   0.982606   0.349159   0.515235
      0.46   0.982606   0.349159   0.515235
      0.47   0.982606   0.349159   0.515235
      0.48   0.982606   0.349159   0.515235
      0.49   0.982606   0.349159   0.515235
       0.5   0.982606   0.349159   0.515235
      0.51   0.982606   0.349159   0.515235
      0.52   0.982606   0.349159   0.515235
      0.53   0.982606   0.349159   0.515235
      0.54   0.982606   0.349159   0.515235
      0.55   0.982606   0.349159   0.515235
      0.56   0.982606   0.349159   0.515235
      0.57   0.982606   0.349159   0.515235
      0.58   0.982606   0.349159   0.515235
      0.59   0.982606   0.349159   0.515235
       0.6   0.982606   0.349159   0.515235
      0.61   0.982606   0.349159   0.515235
      0.62   0.982606   0.349159   0.515235
      0.63   0.982606   0.349159   0.515235
      0.64   0.982606   0.349159   0.515235
      0.65   0.982606   0.349159   0.515235
      0.66   0.982606   0.349159   0.515235
      0.67   0.982606   0.349159   0.515235
      0.68   0.982606   0.349159   0.515235
      0.69   0.982606   0.349159   0.515235
       0.7   0.982606   0.349159   0.515235
      0.71   0.982606   0.349159   0.515235
      0.72   0.982606   0.349159   0.515235
      0.73   0.982606   0.349159   0.515235
      0.74   0.982606   0.349159   0.515235
      0.75   0.982606   0.349159   0.515235
      0.76   0.982606   0.349159   0.515235
      0.77   0.982606   0.349159   0.515235
      0.78   0.982606   0.349159   0.515235
      0.79   0.982606   0.349159   0.515235
       0.8   0.982606   0.349159   0.515235
      0.81   0.982606   0.349159   0.515235
      0.82   0.982606   0.349159   0.515235
      0.83   0.982606   0.349159   0.515235
      0.84   0.982606   0.349159   0.515235
      0.85   0.982606   0.349159   0.515235
      0.86   0.982606   0.349159   0.515235
      0.87   0.982606   0.349159   0.515235
      0.88   0.982606   0.349159   0.515235
      0.89   0.982606   0.349159   0.515235
       0.9   0.982606   0.349159   0.515235
      0.91   0.982606   0.349159   0.515235
      0.92   0.982606   0.349159   0.515235
      0.93   0.982606   0.349159   0.515235
      0.94   0.982606   0.349159   0.515235
      0.95   0.982606   0.349159   0.515235
      0.96   0.982606   0.349159   0.515235
      0.97   0.982606   0.349159   0.515235
      0.98   0.982606   0.349159   0.515235
      0.99   0.982606   0.349159   0.515235
