         0          1    0.28722   0.446264
      0.01   0.912298   0.377973   0.534499
      0.02   0.912298   0.377973   0.534499
      0.03   0.912298   0.377973   0.534499
      0.04   0.912298   0.377973   0.534499
      0.05   0.912298   0.377973   0.534499
      0.06   0.912298   0.377973   0.534499
      0.07   0.912298   0.377973   0.534499
      0.08   0.912298   0.377973   0.534499
      0.09   0.912298   0.377973   0.534499
       0.1   0.912298   0.377973   0.534499
      0.11   0.912298   0.377973   0.534499
      0.12   0.912298   0.377973   0.534499
      0.13   0.912298   0.377973   0.534499
      0.14   0.912298   0.377973   0.534499
      0.15   0.912298   0.377973   0.534499
      0.16   0.912298   0.377973   0.534499
      0.17   0.912298   0.377973   0.534499
      0.18   0.912298   0.377973   0.534499
      0.19   0.912298   0.377973   0.534499
       0.2   0.912298   0.377973   0.534499
      0.21   0.912298   0.377973   0.534499
      0.22   0.912298   0.377973   0.534499
      0.23   0.912298   0.377973   0.534499
      0.24   0.912298   0.377973   0.534499
      0.25   0.912298   0.377973   0.534499
      0.26   0.912298   0.377973   0.534499
      0.27   0.912298   0.377973   0.534499
      0.28   0.912298   0.377973   0.534499
      0.29   0.912298   0.377973   0.534499
       0.3   0.912298   0.377973   0.534499
      0.31   0.912298   0.377973   0.534499
      0.32   0.912298   0.377973   0.534499
      0.33   0.912298   0.377973   0.534499
      0.34   0.912298   0.377973   0.534499
      0.35   0.912298   0.377973   0.534499
      0.36   0.912298   0.377973   0.534499
      0.37   0.912298   0.377973   0.534499
      0.38   0.912298   0.377973   0.534499
      0.39   0.912298   0.377973   0.534499
       0.4   0.912298   0.377973   0.534499
      0.41   0.912298   0.377973   0.534499
      0.42   0.912298   0.377973   0.534499
      0.43   0.912298   0.377973   0.534499
      0.44   0.912298   0.377973   0.534499
      0.45   0.912298   0.377973   0.534499
      0.46   0.912298   0.377973   0.534499
      0.47   0.912298   0.377973   0.534499
      0.48   0.912298   0.377973   0.534499
      0.49   0.912298   0.377973   0.534499
       0.5   0.912298   0.377973   0.534499
      0.51   0.912298   0.377973   0.534499
      0.52   0.912298   0.377973   0.534499
      0.53   0.912298   0.377973   0.534499
      0.54   0.912298   0.377973   0.534499
      0.55   0.912298   0.377973   0.534499
      0.56   0.912298   0.377973   0.534499
      0.57   0.912298   0.377973   0.534499
      0.58   0.912298   0.377973   0.534499
      0.59   0.912298   0.377973   0.534499
       0.6   0.912298   0.377973   0.534499
      0.61   0.912298   0.377973   0.534499
      0.62   0.912298   0.377973   0.534499
      0.63   0.912298   0.377973   0.534499
      0.64   0.912298   0.377973   0.534499
      0.65   0.912298   0.377973   0.534499
      0.66   0.912298   0.377973   0.534499
      0.67   0.912298   0.377973   0.534499
      0.68   0.912298   0.377973   0.534499
      0.69   0.912298   0.377973   0.534499
       0.7   0.912298   0.377973   0.534499
      0.71   0.912298   0.377973   0.534499
      0.72   0.912298   0.377973   0.534499
      0.73   0.912298   0.377973   0.534499
      0.74   0.912298   0.377973   0.534499
      0.75   0.912298   0.377973   0.534499
      0.76   0.912298   0.377973   0.534499
      0.77   0.912298   0.377973   0.534499
      0.78   0.912298   0.377973   0.534499
      0.79   0.912298   0.377973   0.534499
       0.8   0.912298   0.377973   0.534499
      0.81   0.912298   0.377973   0.534499
      0.82   0.912298   0.377973   0.534499
      0.83   0.912298   0.377973   0.534499
      0.84   0.912298   0.377973   0.534499
      0.85   0.912298   0.377973   0.534499
      0.86   0.912298   0.377973   0.534499
      0.87   0.912298   0.377973   0.534499
      0.88   0.912298   0.377973   0.534499
      0.89   0.912298   0.377973   0.534499
       0.9   0.912298   0.377973   0.534499
      0.91   0.912298   0.377973   0.534499
      0.92   0.912298   0.377973   0.534499
      0.93   0.912298   0.377973   0.534499
      0.94   0.912298   0.377973   0.534499
      0.95   0.912298   0.377973   0.534499
      0.96   0.912298   0.377973   0.534499
      0.97   0.912298   0.377973   0.534499
      0.98   0.912298   0.377973   0.534499
      0.99   0.912298   0.377973   0.534499
