    119082  0.0106061   0.984588   0.538927   0.696575
     58060          0          1   0.374026   0.544424
     42049  0.0123232   0.999139   0.633483   0.775364
     24077   0.010101   0.924156   0.521267   0.666562
     78004  0.0106061   0.978617   0.367229   0.534053
     45096       0.01   0.987982   0.429241   0.598469
     38092  0.0106061   0.966711   0.336604    0.49934
     43074  0.0106061   0.981252   0.296222   0.455067
     16077   0.010101   0.919765    0.30968   0.463352
     86000  0.0106061   0.991952   0.462032   0.630424
    101085       0.01   0.995894   0.357272   0.525885
     89072   0.010404   0.912298   0.377973   0.534499
    126007   0.010101   0.991804    0.46561   0.633717
     76053 0.00363636   0.964128   0.390624   0.555986
     86016          0          1   0.363236   0.532903
    103070   0.010101   0.960036     0.3749   0.539228
      8023  0.0106061   0.998391   0.163926   0.281614
     41033       0.01   0.989888   0.200465   0.333411
    109053   0.010101   0.960823    0.33455   0.496295
    130026  0.0113131   0.827876   0.193223   0.313319
    108082  0.0115152   0.902173   0.162368   0.275206
     69040          0          1   0.319512   0.484288
     14037       0.01   0.974705   0.356015   0.521536
     54082       0.01   0.956715   0.562485   0.708449
     62096  0.0130303   0.985632   0.247541   0.395702
     12084       0.01   0.988883   0.282602   0.439581
     69015       0.01   0.962031   0.558041   0.706352
     97033  0.0115152   0.984315   0.355753    0.52262
     19021       0.01   0.984895   0.408214   0.577195
     86068       0.01   0.996094   0.172441   0.293987
      3096       0.01   0.981956   0.304696    0.46508
     41069          0          1   0.171113   0.292223
     21077   0.010303   0.992049   0.438534    0.60821
    108070          0          1   0.230724    0.37494
    123074          0          1   0.176689   0.300316
     38082  0.0106061   0.991299   0.429305   0.599139
     33039          0          1   0.331079    0.49746
    108005       0.01   0.957714   0.339221   0.500991
    106024  0.0113131   0.954736   0.281357    0.43463
    102061   0.010101   0.964966    0.28328   0.437984
     37073   0.010303   0.992269   0.575642   0.728602
     65033  0.0106061   0.991953   0.364403   0.533002
     55073       0.01   0.970578   0.385965     0.5523
     66053          0          1   0.298178   0.459379
     85048  0.0106061   0.979634   0.393235   0.561199
     42012  0.0106061   0.921187   0.483161   0.633862
     87046  0.0106061   0.975231   0.359488    0.52533
    105025  0.0123232   0.970014   0.264968   0.416237
    101087       0.01   0.980812   0.522315   0.681636
     69020          0          1   0.242084   0.389803
